{"number_units": 57, "Distance": [[0.0, 49490.91, 40475.32, 100784.29, 33985.54, 28218.86, 43234.27, 21585.7, 54229.24, 89847.24, 52016.75, 34383.93, 60583.53, 49543.47, 106133.7, 102542.74, 121758.92, 117220.14, 76074.5, 82978.77, 113603.91, 91391.04, 62259.75, 95012.22, 86870.43, 88324.39, 54372.51, 123500.28, 89815.92, 71937.35, 89918.58, 84267.51, 93344.5, 91367.34, 99219.71, 75808.9, 74753.15, 94730.43, 85503.9, 82318.07, 71330.97, 81790.39, 112064.29, 98834.94, 61530.08, 115143.79, 119481.4, 112837.86, 41917.68, 108804.47, 105280.29, 94152.84, 34499.02, 113773.13, 102454.99, 95324.59, 56545.7], [49490.91, 0.0, 87168.87, 115990.5, 57737.52, 24992.41, 85567.7, 71068.95, 33449.57, 107475.32, 47588.45, 23011.9, 71478.63, 84084.0, 141737.27, 148686.52, 162163.32, 160116.95, 121042.88, 132308.4, 161933.22, 117312.81, 100696.78, 135681.38, 120079.33, 137521.16, 101934.1, 161006.19, 43079.81, 37306.95, 70069.33, 49448.88, 44333.71, 50447.56, 67235.55, 26368.73, 47458.14, 47014.85, 52713.65, 34477.53, 30590.99, 37980.55, 84446.4, 59480.08, 110151.37, 161413.48, 162051.01, 157098.92, 85840.11, 153560.54, 153075.58, 140566.85, 70111.97, 156623.94, 142829.17, 139079.35, 83494.8], [40475.32, 87168.87, 0.0, 85279.91, 40820.18, 62711.08, 12409.63, 23385.11, 79746.06, 74115.22, 89967.68, 74801.74, 60861.1, 28407.9, 71019.61, 62163.08, 82760.53, 77164.32, 35701.11, 48357.05, 74949.66, 67090.17, 29562.67, 56510.29, 55764.0, 60824.5, 14925.37, 86222.38, 129240.23, 99616.03, 128344.74, 110046.07, 128820.56, 131750.23, 139350.38, 112615.22, 114846.97, 128558.63, 125847.04, 116816.87, 111552.86, 113378.01, 151389.22, 125894.15, 42372.6, 96766.06, 108795.4, 99389.64, 46770.41, 94661.67, 83132.2, 77482.24, 56228.99, 103088.89, 97480.27, 84956.38, 77645.24], [100784.29, 115990.5, 85279.91, 0.0, 67496.39, 97201.82, 72950.05, 100577.81, 85090.93, 11327.07, 148352.51, 121313.44, 44820.93, 57537.58, 58121.65, 100747.31, 84910.47, 92725.09, 82666.65, 118038.47, 123780.96, 25568.46, 59605.74, 71359.72, 44469.35, 137368.26, 90196.3, 75046.44, 154260.49, 97072.91, 182238.23, 98091.77, 136631.24, 165647.03, 183098.3, 129595.47, 161573.62, 131086.71, 168470.83, 124910.78, 146516.69, 114380.01, 199812.84, 110769.15, 126509.94, 176983.52, 192301.21, 182126.73, 129686.22, 177293.56, 161673.02, 159873.38, 132490.68, 186757.19, 182533.2, 169252.21, 155434.61], [33985.54, 57737.52, 40820.18, 67496.39, 0.0, 33848.25, 33219.78, 41137.99, 40430.1, 56904.37, 81347.63, 55894.13, 26900.93, 26794.32, 84005.06, 95702.96, 104927.15, 103959.13, 67805.21, 88991.92, 112622.35, 61807.6, 43920.26, 78841.2, 62440.92, 101230.14, 54756.01, 103293.15, 100587.08, 60237.97, 116835.85, 69806.0, 93568.97, 107606.53, 121154.21, 79689.05, 97881.91, 91789.79, 106557.78, 81051.45, 87131.92, 75502.1, 136469.75, 85759.87, 79412.25, 135114.59, 144035.89, 135772.78, 70182.43, 131272.73, 122536.7, 114822.95, 67703.06, 138238.54, 129501.77, 119583.66, 90265.24], [28218.86, 24992.41, 62711.08, 97201.82, 33848.25, 0.0, 60594.14, 48902.04, 28480.64, 87628.11, 52869.43, 24386.85, 52546.92, 59522.34, 117586.79, 123834.64, 137383.87, 135145.99, 96117.92, 109035.1, 137648.89, 95122.25, 75891.45, 110818.45, 96209.88, 116042.13, 77588.63, 136618.65, 68008.94, 44249.65, 85036.74, 56874.94, 66441.93, 73877.77, 87547.71, 49904.15, 64792.75, 67059.88, 72900.64, 54847.25, 53344.19, 53601.85, 103341.55, 70931.28, 89650.47, 143290.54, 146808.04, 140601.04, 69098.66, 136673.05, 133485.49, 122295.53, 57388.62, 141162.0, 128982.67, 122899.85, 75987.32], [43234.27, 85567.7, 12409.63, 72950.05, 33219.78, 60594.14, 0.0, 31360.82, 73522.4, 61754.26, 94860.89, 76318.8, 49805.92, 16056.27, 63472.9, 63531.54, 78679.73, 75007.52, 35631.77, 56788.14, 79464.12, 55560.41, 19870.19, 51880.85, 45990.65, 71407.56, 22514.75, 80319.95, 128433.86, 93393.32, 133024.48, 102991.94, 125184.17, 132585.22, 142178.34, 109955.72, 117791.2, 124118.29, 128208.69, 112864.09, 112083.53, 108234.71, 155296.42, 118956.14, 54627.7, 108433.44, 121048.54, 111512.46, 57960.51, 106758.67, 94398.85, 89495.09, 65177.46, 115360.29, 109889.76, 97300.24, 87399.57], [21585.7, 71068.95, 23385.11, 100577.81, 41137.99, 48902.04, 31360.82, 0.0, 72273.9, 89257.84, 67014.93, 54954.21, 67041.66, 43760.27, 93993.3, 83269.27, 106051.23, 99971.51, 58326.87, 61464.7, 92705.09, 86073.82, 51109.01, 79891.37, 77340.77, 67140.27, 34943.22, 109583.06, 111068.11, 91159.08, 105353.59, 102973.52, 114787.4, 111637.32, 117399.46, 97365.75, 92952.02, 115895.15, 104340.31, 103571.75, 92015.0, 102351.5, 128711.56, 118132.63, 41253.82, 96332.67, 103355.22, 95600.43, 29697.71, 91262.95, 85322.7, 75525.59, 33821.22, 97563.14, 88370.16, 78886.92, 56227.9], [54229.24, 33449.57, 79746.06, 85090.93, 40430.1, 28480.64, 73522.4, 72273.9, 0.0, 77771.82, 77161.65, 48450.51, 42514.01, 66064.35, 119262.25, 136028.11, 142584.1, 143000.25, 108185.7, 128044.58, 152985.42, 90564.8, 83250.16, 117455.86, 97214.35, 138137.79, 94324.97, 139132.49, 69203.75, 19909.33, 103435.69, 30778.1, 55213.66, 80922.74, 99954.6, 44883.98, 80907.71, 52190.63, 85668.66, 42658.06, 62724.06, 35402.54, 117535.25, 46327.4, 113477.24, 168499.04, 173704.86, 166896.35, 96112.9, 162770.01, 157534.33, 147595.79, 85706.72, 167989.68, 156525.76, 149502.97, 104412.58], [89847.24, 107475.32, 74115.22, 11327.07, 56904.37, 87628.11, 61754.26, 89257.84, 77771.82, 0.0, 138089.58, 111494.97, 36005.72, 46245.66, 54237.76, 93383.02, 81203.13, 87652.12, 73491.42, 108320.39, 116126.38, 19726.47, 49185.68, 64688.77, 37327.9, 127259.64, 79519.2, 72694.31, 146900.59, 91364.73, 172560.85, 93743.4, 130860.82, 157560.37, 174279.91, 122613.62, 152296.89, 125838.35, 159613.98, 118824.69, 138065.85, 108862.35, 190707.14, 107362.2, 115575.32, 166656.5, 181550.15, 171479.34, 118361.21, 166653.67, 151491.81, 149233.17, 121268.73, 175974.74, 171474.31, 158349.28, 144213.93], [52016.75, 47588.45, 89967.68, 148352.51, 81347.63, 52869.43, 94860.89, 67014.93, 77161.65, 138089.58, 0.0, 28980.57, 104504.04, 101316.82, 158095.52, 149828.66, 172639.64, 166970.41, 125332.14, 123043.79, 156642.21, 142266.52, 114204.43, 146119.25, 138836.64, 120768.26, 101823.42, 175150.47, 62578.34, 84842.85, 38377.1, 97028.35, 82223.89, 54467.06, 52374.18, 64815.29, 29460.29, 88098.46, 41668.41, 76851.3, 41484.13, 83894.18, 61833.89, 106197.0, 93010.82, 133837.03, 128541.33, 126221.14, 63182.98, 123666.26, 129605.9, 114565.13, 43519.95, 123758.41, 107795.33, 108581.76, 44213.56], [34383.93, 23011.9, 74801.74, 121313.44, 55894.13, 24386.85, 76318.8, 54954.21, 48450.51, 111494.97, 28980.57, 0.0, 76825.2, 79157.88, 137369.26, 136918.53, 154933.97, 151097.4, 110266.8, 116106.87, 147632.8, 117696.31, 94113.08, 128124.52, 116778.23, 118865.33, 88741.67, 155647.95, 56489.95, 58264.1, 61108.71, 70941.38, 65757.2, 56983.58, 66249.11, 47291.94, 42290.11, 69432.6, 52008.47, 57030.11, 37072.24, 60957.89, 80750.64, 82121.75, 90934.48, 140094.88, 139630.79, 135092.54, 64606.03, 131718.68, 132679.04, 119449.56, 47700.02, 134281.09, 120141.58, 117039.41, 60532.98], [60583.53, 71478.63, 60861.1, 44820.93, 26900.93, 52546.92, 49805.92, 67041.66, 42514.01, 36005.72, 104504.04, 76825.2, 0.0, 35541.34, 78583.65, 103702.32, 103515.04, 105984.11, 77604.2, 105981.39, 123820.65, 48159.44, 49929.16, 80375.04, 56850.68, 121205.64, 72159.52, 98501.72, 111237.6, 58350.45, 137542.87, 63513.48, 97058.12, 121573.12, 138397.66, 87340.44, 116753.29, 92942.73, 123747.92, 84681.09, 102067.06, 75779.2, 155009.68, 78758.88, 102494.97, 157572.54, 168388.22, 159537.1, 96545.83, 154897.58, 143965.28, 137960.08, 94581.25, 162610.52, 154926.46, 144088.2, 117058.38], [49543.47, 84084.0, 28407.9, 57537.58, 26794.32, 59522.34, 16056.27, 43760.27, 66064.35, 46245.66, 101316.82, 79157.88, 35541.34, 0.0, 58318.26, 70488.78, 78191.75, 77254.88, 43168.25, 70538.91, 89218.8, 42671.59, 17234.96, 52049.25, 37719.85, 86555.42, 37209.41, 77113.85, 127100.61, 85399.39, 138643.03, 93668.09, 120171.64, 133320.44, 145351.61, 106483.06, 121424.05, 118047.7, 130954.87, 107613.09, 112740.79, 101451.81, 159719.58, 109581.98, 70683.32, 124213.92, 137101.41, 127529.87, 72290.56, 122767.07, 109936.91, 105473.79, 76974.12, 131415.48, 125821.93, 113349.22, 99750.1], [106133.7, 141737.27, 71019.61, 58121.65, 84005.06, 117586.79, 63472.9, 93993.3, 119262.25, 54237.76, 158095.52, 137369.26, 78583.65, 58318.26, 0.0, 48665.37, 26983.21, 35056.43, 44511.71, 78038.02, 71426.85, 34560.75, 43891.39, 20923.42, 22051.73, 99075.27, 65383.22, 19932.36, 184460.01, 136682.69, 196027.4, 142008.44, 174475.87, 191464.09, 203607.97, 162581.4, 179567.19, 171040.58, 189250.13, 161912.12, 170914.92, 153919.95, 217683.18, 156965.19, 99809.93, 138567.07, 158282.91, 147137.04, 116122.59, 142423.39, 122538.33, 125919.08, 127247.92, 153412.44, 154208.32, 138642.48, 148345.1], [102542.74, 148686.52, 62163.08, 100747.31, 95702.96, 123834.64, 63531.54, 83269.27, 136028.11, 93383.02, 149828.66, 136918.53, 103702.32, 70488.78, 48665.37, 0.0, 36225.26, 23726.13, 27961.09, 37385.04, 23201.85, 75179.43, 54017.13, 29766.04, 56324.56, 56724.32, 48396.36, 47793.28, 191187.78, 155644.67, 187893.81, 164156.76, 188678.41, 193891.58, 200668.19, 173442.63, 176212.01, 187389.24, 187510.93, 176311.78, 173715.92, 171205.02, 211661.87, 180067.93, 68252.6, 93593.88, 115267.45, 103945.89, 93737.25, 99520.58, 77799.12, 84635.0, 110329.31, 111022.75, 115262.78, 98980.28, 127011.65], [121758.92, 162163.32, 82760.53, 84910.47, 104927.15, 137383.87, 78679.73, 106051.23, 142584.1, 81203.13, 172639.64, 154933.97, 103515.04, 78191.75, 26983.21, 36225.26, 0.0, 13386.3, 48636.35, 72785.54, 54801.54, 61499.34, 61492.48, 26809.88, 46880.28, 92791.37, 72741.71, 13393.53, 205227.06, 160818.52, 211000.43, 166991.4, 197576.14, 210729.15, 220854.93, 184555.76, 196450.29, 194733.17, 206876.35, 184977.71, 190147.26, 177748.15, 233730.55, 182260.99, 101119.27, 129697.47, 151492.7, 140171.14, 123045.14, 135741.27, 113972.92, 120686.1, 137227.32, 147231.96, 151030.24, 134820.14, 156374.56], [117220.14, 160116.95, 77164.32, 92725.09, 103959.13, 135145.99, 75007.52, 99971.51, 143000.25, 87652.12, 166970.41, 151097.4, 105984.11, 77254.88, 35056.43, 23726.13, 13386.3, 0.0, 41645.44, 60976.86, 41418.91, 68046.25, 60046.59, 25695.96, 51167.78, 80434.27, 65526.85, 26433.21, 203151.92, 161867.16, 205323.52, 168930.05, 197423.99, 207582.77, 216400.67, 183517.02, 191907.21, 195148.5, 202715.48, 184859.7, 187090.6, 178384.41, 228534.74, 184509.64, 90771.85, 116681.2, 138728.44, 127411.26, 114423.87, 123045.2, 101052.92, 108341.15, 129709.29, 134585.45, 138985.46, 122705.95, 147852.21], [76074.5, 121042.88, 35701.11, 82666.65, 67805.21, 96117.92, 35631.77, 58326.87, 108185.7, 73491.42, 125332.14, 110266.8, 77604.2, 43168.25, 44511.71, 27961.09, 48636.35, 41645.44, 0.0, 36057.94, 46226.61, 58150.11, 27790.42, 24913.53, 40070.23, 56588.65, 24143.74, 54690.98, 163741.68, 127873.11, 163680.09, 136657.02, 160725.03, 167092.39, 175050.91, 145586.58, 150547.42, 159437.7, 161529.03, 148351.88, 146750.36, 143296.33, 186942.24, 152606.22, 55429.53, 96662.59, 114929.65, 103981.93, 74607.94, 99188.93, 80813.85, 82259.93, 88635.62, 109843.93, 109816.17, 94429.9, 107833.25], [82978.77, 132308.4, 48357.05, 118038.47, 88991.92, 109035.1, 56788.14, 61464.7, 128044.58, 108320.39, 123043.79, 116106.87, 105981.39, 70538.91, 78038.02, 37385.04, 72785.54, 60976.86, 36057.94, 0.0, 34238.87, 94022.23, 59778.21, 57135.01, 76126.88, 21037.35, 34366.67, 82948.89, 172453.35, 147878.08, 159783.06, 158402.76, 175464.75, 172132.36, 175271.72, 158459.64, 151361.59, 175862.79, 163272.61, 163822.51, 153010.34, 161194.33, 184160.24, 174242.97, 33063.71, 60841.42, 80320.98, 69127.24, 61863.62, 64444.0, 44887.84, 48349.3, 80547.7, 75585.81, 78257.25, 62093.45, 93819.19], [113603.91, 161933.22, 74949.66, 123780.96, 112622.35, 137648.89, 79464.12, 92705.09, 152985.42, 116126.38, 156642.21, 147632.8, 123820.65, 89218.8, 71426.85, 23201.85, 54801.54, 41418.91, 46226.61, 34238.87, 0.0, 98227.78, 73931.06, 52967.88, 79314.59, 46826.77, 60060.94, 67706.95, 203394.12, 172846.58, 193746.78, 182186.47, 203716.72, 204310.61, 208649.78, 187549.54, 184521.93, 203194.58, 196280.73, 191625.14, 184704.19, 187585.18, 218046.03, 198160.51, 67107.2, 77648.63, 100771.49, 89627.14, 96086.79, 85667.9, 62859.52, 73220.67, 114600.18, 97275.24, 104514.81, 88313.59, 127953.91], [91391.04, 117312.81, 67090.17, 25568.46, 61807.6, 95122.25, 55560.41, 86073.82, 90564.8, 19726.47, 142266.52, 117696.31, 48159.44, 42671.59, 34560.75, 75179.43, 61499.34, 68046.25, 58150.11, 94022.23, 98227.78, 0.0, 38436.12, 45841.01, 18949.05, 113975.21, 68962.91, 53386.58, 158610.42, 106233.61, 178529.46, 110108.8, 145197.33, 167759.49, 182669.86, 135215.48, 159643.99, 140888.03, 168018.66, 132839.14, 147644.86, 123741.47, 198240.51, 124466.99, 105940.16, 153934.27, 170506.65, 159991.06, 113515.29, 155150.27, 138334.91, 137806.65, 119574.33, 165106.64, 162305.99, 148212.79, 142260.53], [62259.75, 100696.78, 29562.67, 59605.74, 43920.26, 75891.45, 19870.19, 51109.01, 83250.16, 49185.68, 114204.43, 94113.08, 49929.16, 17234.96, 43891.39, 54017.13, 61492.48, 60046.59, 27790.42, 59778.21, 73931.06, 38436.12, 0.0, 35023.98, 26322.69, 78144.26, 30768.49, 61549.48, 143772.37, 102477.39, 152173.17, 110419.87, 137395.32, 149349.36, 160324.77, 123554.87, 136113.46, 135274.87, 146116.81, 124841.43, 128757.23, 118648.39, 174025.1, 126268.92, 67604.11, 117473.51, 132816.59, 122551.96, 76325.74, 117715.56, 102326.94, 100300.2, 84867.3, 127319.14, 123952.12, 110092.02, 106843.64], [95012.22, 135681.38, 56510.29, 71359.72, 78841.2, 110818.45, 51880.85, 79891.37, 117455.86, 64688.77, 146119.25, 128124.52, 80375.04, 52049.25, 20923.42, 29766.04, 26809.88, 25695.96, 24913.53, 57135.01, 52967.88, 45841.01, 35023.98, 0.0, 27364.18, 78170.06, 47929.44, 30152.91, 178761.09, 136220.19, 184447.02, 143235.13, 172076.54, 183992.88, 194059.18, 158524.93, 169666.5, 169634.66, 180067.86, 159493.98, 163419.84, 152813.44, 207036.9, 158825.62, 80224.76, 117649.31, 137417.25, 126252.15, 98964.73, 121549.95, 101621.24, 105135.14, 111893.49, 132585.79, 133774.39, 118064.79, 131925.32], [86870.43, 120079.33, 55764.0, 44469.35, 62440.92, 96209.88, 45990.65, 77340.77, 97214.35, 37327.9, 138836.64, 116778.23, 56850.68, 37719.85, 22051.73, 56324.56, 46880.28, 51167.78, 40070.23, 76126.88, 79314.59, 18949.05, 26322.69, 27364.18, 0.0, 96508.39, 54295.56, 41929.5, 162652.41, 114742.89, 176332.33, 120360.71, 152427.53, 170042.76, 182878.61, 140587.9, 159065.63, 149038.53, 168410.84, 139861.88, 149546.26, 131931.49, 197416.03, 135496.83, 91063.32, 136584.03, 154087.08, 143342.13, 102429.89, 138515.4, 120808.01, 121320.62, 111139.34, 148823.49, 147185.88, 132514.72, 133166.3], [88324.39, 137521.16, 60824.5, 137368.26, 101230.14, 116042.13, 71407.56, 67140.27, 138137.79, 127259.64, 120768.26, 118865.33, 121205.64, 86555.42, 99075.27, 56724.32, 92791.37, 80434.27, 56588.65, 21037.35, 46826.77, 113975.21, 78144.26, 78170.06, 96508.39, 0.0, 49349.98, 103487.47, 175197.27, 157577.24, 155436.92, 168890.16, 181631.76, 172753.75, 173018.04, 163888.67, 150000.14, 182995.47, 162163.39, 170624.43, 154774.3, 169433.77, 179982.07, 184418.66, 28119.14, 40081.87, 59344.63, 48117.43, 57587.31, 43464.85, 24360.52, 27911.2, 77248.7, 54719.25, 58757.66, 42427.8, 85665.75], [54372.51, 101934.1, 14925.37, 90196.3, 54756.01, 77588.63, 22514.75, 34943.22, 94324.97, 79519.2, 101823.42, 88741.67, 72159.52, 37209.41, 65383.22, 48396.36, 72741.71, 65526.85, 24143.74, 34366.67, 60060.94, 68962.91, 30768.49, 47929.44, 54295.56, 49349.98, 0.0, 78077.32, 143762.31, 114225.11, 140079.38, 124410.88, 143744.38, 145719.07, 152304.8, 127488.6, 127834.95, 143465.64, 139114.63, 131740.55, 125694.58, 128210.45, 163598.52, 140314.57, 37006.29, 87548.92, 102110.22, 91961.42, 51071.65, 87134.73, 72912.33, 69714.0, 64495.94, 96585.67, 93361.66, 79331.56, 84012.17], [123500.28, 161006.19, 86222.38, 75046.44, 103293.15, 136618.65, 80319.95, 109583.06, 139132.49, 72694.31, 175150.47, 155647.95, 98501.72, 77113.85, 19932.36, 47793.28, 13393.53, 26433.21, 54690.98, 82948.89, 67706.95, 53386.58, 61549.48, 30152.91, 41929.5, 103487.47, 78077.32, 0.0, 203867.88, 156614.21, 213344.38, 161892.74, 194342.47, 210433.36, 221872.07, 182258.5, 197657.75, 190959.04, 207641.26, 181770.5, 189851.14, 173843.28, 235485.17, 176787.17, 109288.95, 141318.53, 162618.94, 151311.79, 129087.26, 146785.76, 125450.59, 131236.6, 141951.05, 158170.5, 161055.47, 144992.37, 162078.15], [89815.92, 43079.81, 129240.23, 154260.49, 100587.08, 68008.94, 128433.86, 111068.11, 69203.75, 146900.59, 62578.34, 56489.95, 111237.6, 127100.61, 184460.01, 191187.78, 205227.06, 203151.92, 163741.68, 172453.35, 203394.12, 158610.42, 143772.37, 178761.09, 162652.41, 175197.27, 143762.31, 203867.88, 0.0, 60290.79, 58141.45, 66315.0, 29712.54, 17578.72, 41335.72, 25198.58, 39197.61, 38324.38, 32774.13, 34414.92, 21393.25, 46683.16, 59150.49, 65879.84, 147164.76, 194057.21, 190610.72, 187570.44, 119637.12, 184670.88, 187925.27, 173912.97, 101068.36, 185652.44, 170066.62, 169656.58, 106662.68], [71937.35, 37306.95, 99616.03, 97072.91, 60237.97, 44249.65, 93393.32, 91159.08, 19909.33, 91364.73, 84842.85, 58264.1, 58350.45, 85399.39, 136682.69, 155644.67, 160818.52, 161867.16, 127873.11, 147878.08, 172846.58, 106233.61, 102477.39, 136220.19, 114742.89, 157577.24, 114225.11, 156614.21, 60290.79, 0.0, 104652.44, 12851.75, 39571.15, 74994.14, 96689.45, 35181.97, 81519.21, 34656.04, 83463.5, 27991.89, 60198.28, 17535.16, 114900.64, 26982.05, 132409.4, 186966.14, 191049.79, 184721.95, 113328.66, 180728.21, 176471.82, 165995.69, 101070.24, 185395.77, 173172.99, 167090.11, 117814.11], [89918.58, 70069.33, 128344.74, 182238.23, 116835.85, 85036.74, 133024.48, 105353.59, 103435.69, 172560.85, 38377.1, 61108.71, 137542.87, 138643.03, 196027.4, 187893.81, 211000.43, 205323.52, 163680.09, 159783.06, 193746.78, 178529.46, 152173.17, 184447.02, 176332.33, 155436.92, 140079.38, 213344.38, 58141.45, 104652.44, 0.0, 114801.44, 86498.07, 41813.82, 23512.86, 74170.03, 23135.13, 94537.34, 25372.4, 86723.81, 45473.05, 97329.38, 24545.4, 119335.94, 128474.64, 162774.99, 153166.36, 153137.16, 98442.86, 151430.01, 161090.49, 145249.91, 79254.07, 149176.23, 132133.42, 136658.58, 71742.48], [84267.51, 49448.88, 110046.07, 98091.77, 69806.0, 56874.94, 102991.94, 102973.52, 30778.1, 93743.4, 97028.35, 70941.38, 63513.48, 93668.09, 142008.44, 164156.76, 166991.4, 168930.05, 136657.02, 158402.76, 182186.47, 110108.8, 110419.87, 143235.13, 120360.71, 168890.16, 124410.88, 161892.74, 66315.0, 12851.75, 114801.44, 0.0, 41068.45, 82335.25, 104996.42, 42305.28, 91719.57, 34003.39, 92479.2, 32008.64, 69619.77, 19698.33, 123291.37, 15974.62, 144207.68, 199069.03, 203584.15, 197105.2, 125858.12, 193061.04, 188273.87, 178128.25, 113872.78, 197911.76, 185854.71, 179546.8, 130650.82], [93344.5, 44333.71, 128820.56, 136631.24, 93568.97, 66441.93, 125184.17, 114787.4, 55213.66, 130860.82, 82223.89, 65757.2, 97058.12, 120171.64, 174475.87, 188678.41, 197576.14, 197423.99, 160725.03, 175464.75, 203716.72, 145197.33, 137395.32, 172076.54, 152427.53, 181631.76, 143744.38, 194342.47, 29712.54, 39571.15, 86498.07, 41068.45, 0.0, 47275.65, 71037.65, 18472.95, 65360.41, 8703.64, 61477.16, 12598.52, 43111.41, 22364.84, 88839.07, 37036.44, 154422.36, 205569.75, 205311.86, 200843.22, 129967.06, 197434.95, 197405.96, 184780.31, 113448.46, 199999.27, 185592.48, 182791.73, 124009.26], [91367.34, 50447.56, 131750.23, 165647.03, 107606.53, 73877.77, 132585.22, 111637.32, 80922.74, 157560.37, 54467.06, 56983.58, 121573.12, 133320.44, 191464.09, 193891.58, 210729.15, 207582.77, 167092.39, 172132.36, 204310.61, 167759.49, 149349.36, 183992.88, 170042.76, 172753.75, 145719.07, 210433.36, 17578.72, 74994.14, 41813.82, 82335.25, 47275.65, 0.0, 23762.03, 40124.16, 26580.35, 55853.72, 16877.93, 50968.72, 20593.59, 62995.66, 41702.61, 83080.47, 144647.91, 188221.85, 182766.99, 180675.98, 115772.31, 178132.23, 183433.98, 168708.45, 96415.6, 178084.38, 161890.75, 163047.78, 98336.27], [99219.71, 67235.55, 139350.38, 183098.3, 121154.21, 87547.71, 142178.34, 117399.46, 99954.6, 174279.91, 52374.18, 66249.11, 138397.66, 145351.61, 203607.97, 200668.19, 220854.93, 216400.67, 175050.91, 175271.72, 208649.78, 182669.86, 160324.77, 194059.18, 182878.61, 173018.04, 152304.8, 221872.07, 41335.72, 96689.45, 23512.86, 104996.42, 71037.65, 23762.03, 0.0, 62723.75, 24503.53, 79607.98, 14679.26, 74233.84, 37274.93, 86012.15, 18295.36, 106626.07, 145358.04, 183482.25, 175154.93, 174497.53, 115446.11, 172511.73, 180680.84, 165167.99, 95806.39, 170946.72, 154090.41, 157565.17, 92091.45], [75808.9, 26368.73, 112615.22, 129595.47, 79689.05, 49904.15, 109955.72, 97365.75, 44883.98, 122613.62, 64815.29, 47291.94, 87340.44, 106483.06, 162581.4, 173442.63, 184555.76, 183517.02, 145586.58, 158459.64, 187549.54, 135215.48, 123554.87, 158524.93, 140587.9, 163888.67, 127488.6, 182258.5, 25198.58, 35181.97, 74170.03, 42305.28, 18472.95, 40124.16, 62723.75, 0.0, 51626.59, 23293.56, 50627.71, 12731.15, 28789.34, 23428.62, 81017.87, 45166.9, 136478.0, 187200.11, 186841.25, 182383.47, 111605.47, 178990.93, 179224.65, 166445.22, 94977.64, 181526.47, 167148.5, 164330.81, 105806.54], [74753.15, 47458.14, 114846.97, 161573.62, 97881.91, 64792.75, 117791.2, 92952.02, 80907.71, 152296.89, 29460.29, 42290.11, 116753.29, 121424.05, 179567.19, 176212.01, 196450.29, 191907.21, 150547.42, 151361.59, 184521.93, 159643.99, 136113.46, 169666.5, 159065.63, 150000.14, 127834.95, 197657.75, 39197.61, 81519.21, 23135.13, 91719.57, 65360.41, 26580.35, 24503.53, 51626.59, 0.0, 72973.93, 12209.98, 64309.91, 22852.07, 74519.69, 38597.33, 96724.62, 122103.61, 162987.8, 156641.61, 154932.75, 92464.59, 152563.34, 159044.26, 143924.27, 72818.92, 152067.15, 135691.31, 137493.3, 72310.42], [94730.43, 47014.85, 128558.63, 131086.71, 91789.79, 67059.88, 124118.29, 115895.15, 52190.63, 125838.35, 88098.46, 69432.6, 92942.73, 118047.7, 171040.58, 187389.24, 194733.17, 195148.5, 159437.7, 175862.79, 203194.58, 140888.03, 135274.87, 169634.66, 149038.53, 182995.47, 143465.64, 190959.04, 38324.38, 34656.04, 94537.34, 34003.39, 8703.64, 55853.72, 79607.98, 23293.56, 72973.93, 0.0, 69705.42, 12561.71, 50381.28, 17163.58, 97473.24, 28477.46, 156182.19, 208310.13, 208984.15, 204113.6, 132795.33, 200569.48, 199585.16, 187415.56, 117013.86, 203585.74, 189573.94, 186092.16, 128838.65], [85503.9, 52713.65, 125847.04, 168470.83, 106557.78, 72900.64, 128208.69, 104340.31, 85668.66, 159613.98, 41668.41, 52008.47, 123747.92, 130954.87, 189250.13, 187510.93, 206876.35, 202715.48, 161529.03, 163272.61, 196280.73, 168018.66, 146116.81, 180067.86, 168410.84, 162163.39, 139114.63, 207641.26, 32774.13, 83463.5, 25372.4, 92479.2, 61477.16, 16877.93, 14679.26, 50627.71, 12209.98, 69705.42, 0.0, 62789.47, 23354.6, 74053.29, 31883.16, 95477.78, 134237.54, 175066.58, 168357.85, 166859.05, 104647.93, 164554.94, 171236.73, 156083.84, 85010.0, 163857.88, 147362.41, 149496.54, 84175.71], [82318.07, 34477.53, 116816.87, 124910.78, 81051.45, 54847.25, 112864.09, 103571.75, 42658.06, 118824.69, 76851.3, 57030.11, 84681.09, 107613.09, 161912.12, 176311.78, 184977.71, 184859.7, 148351.88, 163822.51, 191625.14, 132839.14, 124841.43, 159493.98, 139861.88, 170624.43, 131740.55, 181770.5, 34414.92, 27991.89, 86723.81, 32008.64, 12598.52, 50968.72, 74233.84, 12731.15, 64309.91, 12561.71, 62789.47, 0.0, 41458.91, 12312.69, 92465.81, 32697.56, 143715.91, 195748.97, 196496.42, 191572.7, 120234.76, 188018.21, 187061.15, 174856.39, 104532.6, 191084.42, 177156.06, 173555.84, 116770.26], [71330.97, 30590.99, 111552.86, 146516.69, 87131.92, 53344.19, 112083.53, 92015.0, 62724.06, 138065.85, 41484.13, 37072.24, 102067.06, 112740.79, 170914.92, 173715.92, 190147.26, 187090.6, 146750.36, 153010.34, 184704.19, 147644.86, 128757.23, 163419.84, 149546.26, 154774.3, 125694.58, 189851.14, 21393.25, 60198.28, 45473.05, 69619.77, 43111.41, 20593.59, 37274.93, 28789.34, 22852.07, 50381.28, 23354.6, 41458.91, 0.0, 51856.5, 55136.71, 73930.34, 126674.17, 172764.47, 169229.29, 166185.59, 98658.92, 163304.58, 166875.81, 152705.96, 79870.33, 164262.04, 148713.33, 148281.94, 85389.12], [81790.39, 37980.55, 113378.01, 114380.01, 75502.1, 53601.85, 108234.71, 102351.5, 35402.54, 108862.35, 83894.18, 60957.89, 75779.2, 101451.81, 153919.95, 171205.02, 177748.15, 178384.41, 143296.33, 161194.33, 187585.18, 123741.47, 118648.39, 152813.44, 131931.49, 169433.77, 128210.45, 173843.28, 46683.16, 17535.16, 97329.38, 19698.33, 22364.84, 62995.66, 86012.15, 23428.62, 74519.69, 17163.58, 74053.29, 12312.69, 51856.5, 0.0, 104290.1, 22531.64, 143249.94, 196605.26, 198828.64, 193279.86, 121621.45, 189522.21, 187070.54, 175621.33, 107277.29, 193298.06, 180062.09, 175380.58, 121473.05], [112064.29, 84446.4, 151389.22, 199812.84, 136469.75, 103341.55, 155296.42, 128711.56, 117535.25, 190707.14, 61833.89, 80750.64, 155009.68, 159719.58, 217683.18, 211661.87, 233730.55, 228534.74, 186942.24, 184160.24, 218046.03, 198240.51, 174025.1, 207036.9, 197416.03, 179982.07, 163598.52, 235485.17, 59150.49, 114900.64, 24545.4, 123291.37, 88839.07, 41702.61, 18295.36, 81017.87, 38597.33, 97473.24, 31883.16, 92465.81, 55136.71, 104290.1, 0.0, 124761.79, 152992.61, 186638.74, 176102.74, 176620.77, 122950.8, 175103.68, 185381.07, 169463.01, 103685.35, 172336.56, 155167.66, 160466.71, 95998.02], [98834.94, 59480.08, 125894.15, 110769.15, 85759.87, 70931.28, 118956.14, 118132.63, 46327.4, 107362.2, 106197.0, 82121.75, 78758.88, 109581.98, 156965.19, 180067.93, 182260.99, 184509.64, 152606.22, 174242.97, 198160.51, 124466.99, 126268.92, 158825.62, 135496.83, 184418.66, 140314.57, 176787.17, 65879.84, 26982.05, 119335.94, 15974.62, 37036.44, 83080.47, 106626.07, 45166.9, 96724.62, 28477.46, 95477.78, 32697.56, 73930.34, 22531.64, 124761.79, 0.0, 159385.16, 213920.55, 217679.26, 211526.44, 140010.27, 207573.71, 203449.95, 192943.66, 127033.56, 212053.65, 199517.2, 193828.28, 142556.6], [61530.08, 110151.37, 42372.6, 126509.94, 79412.25, 89650.47, 54627.7, 41253.82, 113477.24, 115575.32, 93010.82, 90934.48, 102494.97, 70683.32, 99809.93, 68252.6, 101119.27, 90771.85, 55429.53, 33063.71, 67107.2, 105940.16, 67604.11, 80224.76, 91063.32, 28119.14, 37006.29, 109288.95, 147164.76, 132409.4, 128474.64, 144207.68, 154422.36, 144647.91, 145358.04, 136478.0, 122103.61, 156182.19, 134237.54, 143715.91, 126674.17, 143249.94, 152992.61, 159385.16, 0.0, 55723.56, 66427.62, 57104.97, 30053.54, 52424.93, 44070.13, 35514.58, 49576.62, 60732.84, 56365.86, 42786.16, 60851.35], [115143.79, 161413.48, 96766.06, 176983.52, 135114.59, 143290.54, 108433.44, 96332.67, 168499.04, 166656.5, 133837.03, 140094.88, 157572.54, 124213.92, 138567.07, 93593.88, 129697.47, 116681.2, 96662.59, 60841.42, 77648.63, 153934.27, 117473.51, 117649.31, 136584.03, 40081.87, 87548.92, 141318.53, 194057.21, 186966.14, 162774.99, 199069.03, 205569.75, 188221.85, 183482.25, 187200.11, 162987.8, 208310.13, 175066.58, 195748.97, 172764.47, 196605.26, 186638.74, 213920.55, 55723.56, 0.0, 23851.95, 14011.76, 75602.81, 12583.6, 16029.25, 20995.07, 93075.13, 21939.79, 36102.12, 26193.04, 91393.57], [119481.4, 162051.01, 108795.4, 192301.21, 144035.89, 146808.04, 121048.54, 103355.22, 173704.86, 181550.15, 128541.33, 139630.79, 168388.22, 137101.41, 158282.91, 115267.45, 151492.7, 138728.44, 114929.65, 80320.98, 100771.49, 170506.65, 132816.59, 137417.25, 154087.08, 59344.63, 102110.22, 162618.94, 190610.72, 191049.79, 153166.36, 203584.15, 205311.86, 182766.99, 175154.93, 186841.25, 156641.61, 208984.15, 168357.85, 196496.42, 169229.29, 198828.64, 176102.74, 217679.26, 66427.62, 23851.95, 0.0, 11321.56, 77727.38, 15880.1, 37953.66, 32766.48, 91970.69, 5797.54, 21064.52, 24471.45, 84432.16], [112837.86, 157098.92, 99389.64, 182126.73, 135772.78, 140601.04, 111512.46, 95600.43, 166896.35, 171479.34, 126221.14, 135092.54, 159537.1, 127529.87, 147137.04, 103945.89, 140171.14, 127411.26, 103981.93, 69127.24, 89627.14, 159991.06, 122551.96, 126252.15, 143342.13, 48117.43, 91961.42, 151311.79, 187570.44, 184721.95, 153137.16, 197105.2, 200843.22, 180675.98, 174497.53, 182383.47, 154932.75, 204113.6, 166859.05, 191572.7, 166185.59, 193279.86, 176620.77, 211526.44, 57104.97, 14011.76, 11321.56, 0.0, 71667.37, 4841.51, 26767.81, 22253.39, 87458.58, 8016.23, 22996.28, 18054.78, 82696.44], [41917.68, 85840.11, 46770.41, 129686.22, 70182.43, 69098.66, 57960.51, 29697.71, 96112.9, 118361.21, 63182.98, 64606.03, 96545.83, 72290.56, 116122.59, 93737.25, 123045.14, 114423.87, 74607.94, 61863.62, 96086.79, 113515.29, 76325.74, 98964.73, 102429.89, 57587.31, 51071.65, 129087.26, 119637.12, 113328.66, 98442.86, 125858.12, 129967.06, 115772.31, 115446.11, 111605.47, 92464.59, 132795.33, 104647.93, 120234.76, 98658.92, 121621.45, 122950.8, 140010.27, 30053.54, 75602.81, 77727.38, 71667.37, 0.0, 67913.19, 68304.21, 54857.55, 19663.36, 72067.11, 60596.62, 53840.3, 33428.34], [108804.47, 153560.54, 94661.67, 177293.56, 131272.73, 136673.05, 106758.67, 91262.95, 162770.01, 166653.67, 123666.26, 131718.68, 154897.58, 122767.07, 142423.39, 99520.58, 135741.27, 123045.2, 99188.93, 64444.0, 85667.9, 155150.27, 117715.56, 121549.95, 138515.4, 43464.85, 87134.73, 146785.76, 184670.88, 180728.21, 151430.01, 193061.04, 197434.95, 178132.23, 172511.73, 178990.93, 152563.34, 200569.48, 164554.94, 188018.21, 163304.58, 189522.21, 175103.68, 207573.71, 52424.93, 12583.6, 15880.1, 4841.51, 67913.19, 0.0, 22917.58, 17421.58, 84193.2, 11620.61, 23559.34, 15084.5, 80504.31], [105280.29, 153075.58, 83132.2, 161673.02, 122536.7, 133485.49, 94398.85, 85322.7, 157534.33, 151491.81, 129605.9, 132679.04, 143965.28, 109936.91, 122538.33, 77799.12, 113972.92, 101052.92, 80813.85, 44887.84, 62859.52, 138334.91, 102326.94, 101621.24, 120808.01, 24360.52, 72912.33, 125450.59, 187925.27, 176471.82, 161090.49, 188273.87, 197405.96, 183433.98, 180680.84, 179224.65, 159044.26, 199585.16, 171236.73, 187061.15, 166875.81, 187070.54, 185381.07, 203449.95, 44070.13, 16029.25, 37953.66, 26767.81, 68304.21, 22917.58, 0.0, 16235.66, 87118.56, 34468.42, 44129.55, 29534.91, 89383.29], [94152.84, 140566.85, 77482.24, 159873.38, 114822.95, 122295.53, 89495.09, 75525.59, 147595.79, 149233.17, 114565.13, 119449.56, 137960.08, 105473.79, 125919.08, 84635.0, 120686.1, 108341.15, 82259.93, 48349.3, 73220.67, 137806.65, 100300.2, 105135.14, 121320.62, 27911.2, 69714.0, 131236.6, 173912.97, 165995.69, 145249.91, 178128.25, 184780.31, 168708.45, 165167.99, 166445.22, 143924.27, 187415.56, 156083.84, 174856.39, 152705.96, 175621.33, 169463.01, 192943.66, 35514.58, 20995.07, 32766.48, 22253.39, 54857.55, 17421.58, 16235.66, 0.0, 72846.17, 27584.2, 31296.64, 15153.89, 73507.43], [34499.02, 70111.97, 56228.99, 132490.68, 67703.06, 57388.62, 65177.46, 33821.22, 85706.72, 121268.73, 43519.95, 47700.02, 94581.25, 76974.12, 127247.92, 110329.31, 137227.32, 129709.29, 88635.62, 80547.7, 114600.18, 119574.33, 84867.3, 111893.49, 111139.34, 77248.7, 64495.94, 141951.05, 101068.36, 101070.24, 79254.07, 113872.78, 113448.46, 96415.6, 95806.39, 94977.64, 72818.92, 117013.86, 85010.0, 104532.6, 79870.33, 107277.29, 103685.35, 127033.56, 49576.62, 93075.13, 91970.69, 87458.58, 19663.36, 84193.2, 87118.56, 72846.17, 0.0, 86591.61, 72796.79, 69405.06, 22945.2], [113773.13, 156623.94, 103088.89, 186757.19, 138238.54, 141162.0, 115360.29, 97563.14, 167989.68, 175974.74, 123758.41, 134281.09, 162610.52, 131415.48, 153412.44, 111022.75, 147231.96, 134585.45, 109843.93, 75585.81, 97275.24, 165106.64, 127319.14, 132585.79, 148823.49, 54719.25, 96585.67, 158170.5, 185652.44, 185395.77, 149176.23, 197911.76, 199999.27, 178084.38, 170946.72, 181526.47, 152067.15, 203585.74, 163857.88, 191084.42, 164262.04, 193298.06, 172336.56, 212053.65, 60732.84, 21939.79, 5797.54, 8016.23, 72067.11, 11620.61, 34468.42, 27584.2, 86591.61, 0.0, 17266.25, 18676.92, 79773.74], [102454.99, 142829.17, 97480.27, 182533.2, 129501.77, 128982.67, 109889.76, 88370.16, 156525.76, 171474.31, 107795.33, 120141.58, 154926.46, 125821.93, 154208.32, 115262.78, 151030.24, 138985.46, 109816.17, 78257.25, 104514.81, 162305.99, 123952.12, 133774.39, 147185.88, 58757.66, 93361.66, 161055.47, 170066.62, 173172.99, 132133.42, 185854.71, 185592.48, 161890.75, 154090.41, 167148.5, 135691.31, 189573.94, 147362.41, 177156.06, 148713.33, 180062.09, 155167.66, 199517.2, 56365.86, 36102.12, 21064.52, 22996.28, 60596.62, 23559.34, 44129.55, 31296.64, 72796.79, 17266.25, 0.0, 16331.24, 63604.59], [95324.59, 139079.35, 84956.38, 169252.21, 119583.66, 122899.85, 97300.24, 78886.92, 149502.97, 158349.28, 108581.76, 117039.41, 144088.2, 113349.22, 138642.48, 98980.28, 134820.14, 122705.95, 94429.9, 62093.45, 88313.59, 148212.79, 110092.02, 118064.79, 132514.72, 42427.8, 79331.56, 144992.37, 169656.58, 167090.11, 136658.58, 179546.8, 182791.73, 163047.78, 157565.17, 164330.81, 137493.3, 186092.16, 149496.54, 173555.84, 148281.94, 175380.58, 160466.71, 193828.28, 42786.16, 26193.04, 24471.45, 18054.78, 53840.3, 15084.5, 29534.91, 15153.89, 69405.06, 18676.92, 16331.24, 0.0, 65505.1], [56545.7, 83494.8, 77645.24, 155434.61, 90265.24, 75987.32, 87399.57, 56227.9, 104412.58, 144213.93, 44213.56, 60532.98, 117058.38, 99750.1, 148345.1, 127011.65, 156374.56, 147852.21, 107833.25, 93819.19, 127953.91, 142260.53, 106843.64, 131925.32, 133166.3, 85665.75, 84012.17, 162078.15, 106662.68, 117814.11, 71742.48, 130650.82, 124009.26, 98336.27, 92091.45, 105806.54, 72310.42, 128838.65, 84175.71, 116770.26, 85389.12, 121473.05, 95998.02, 142556.6, 60851.35, 91393.57, 84432.16, 82696.44, 33428.34, 80504.31, 89383.29, 73507.43, 22945.2, 79773.74, 63604.59, 65505.1, 0.0]], "CPerimeter": [[111660.32, 0, 0, 0, 25162.43, 17485.41, 0, 26323.37, 0, 0, 0, 23469.36, 0, 0, 0, 0, 0, 0, 0, 0, 0, 0, 0, 0, 0, 0, 0, 0, 0, 0, 0, 0, 0, 0, 0, 0, 0, 0, 0, 0, 0, 0, 0, 0, 0, 0, 0, 0, 0, 0, 0, 0, 19219.75, 0, 0, 0, 0], [0, 199209.85, 0, 0, 0, 37524.45, 0, 0, 35225.12, 0, 0, 52385.9, 0, 0, 0, 0, 0, 0, 0, 0, 0, 0, 0, 0, 0, 0, 0, 0, 0, 3689.04, 0, 0, 0, 0, 0, 54509.5, 0, 0, 0, 0, 15875.83, 0, 0, 0, 0, 0, 0, 0, 0, 0, 0, 0, 0, 0, 0, 0, 0], [0, 0, 81069.04, 0, 0, 0, 22755.55, 20938.55, 0, 0, 0, 0, 0, 0, 0, 0, 0, 0, 0, 0, 0, 0, 0, 0, 0, 0, 25732.38, 0, 0, 0, 0, 0, 0, 0, 0, 0, 0, 0, 0, 0, 0, 0, 0, 0, 11642.56, 0, 0, 0, 0, 0, 0, 0, 0, 0, 0, 0, 0], [0, 0, 0, 105959.44, 0, 0, 0, 0, 0, 52715.36, 0, 0, 0, 0, 0, 0, 0, 0, 0, 0, 0, 7895.25, 0, 0, 0, 0, 0, 0, 0, 0, 0, 0, 0, 0, 0, 0, 0, 0, 0, 0, 0, 0, 0, 0, 0, 0, 0, 0, 0, 0, 0, 0, 0, 0, 0, 0, 0], [25162.43, 0, 0, 0, 207775.75, 20046.24, 20560.4, 20281.67, 42272.79, 0, 0, 0, 35455.73, 43996.5, 0, 0, 0, 0, 0, 0, 0, 0, 0, 0, 0, 0, 0, 0, 0, 0, 0, 0, 0, 0, 0, 0, 0, 0, 0, 0, 0, 0, 0, 0, 0, 0, 0, 0, 0, 0, 0, 0, 0, 0, 0, 0, 0], [17485.41, 37524.45, 0, 0, 20046.24, 163041.91, 0, 0, 56009.16, 0, 0, 31976.64, 0, 0, 0, 0, 0, 0, 0, 0, 0, 0, 0, 0, 0, 0, 0, 0, 0, 0, 0, 0, 0, 0, 0, 0, 0, 0, 0, 0, 0, 0, 0, 0, 0, 0, 0, 0, 0, 0, 0, 0, 0, 0, 0, 0, 0], [0, 0, 22755.55, 0, 20560.4, 0, 80234.95, 7592.56, 0, 0, 0, 0, 0, 16912.54, 0, 0, 0, 0, 0, 0, 0, 0, 11317.12, 0, 0, 0, 1096.79, 0, 0, 0, 0, 0, 0, 0, 0, 0, 0, 0, 0, 0, 0, 0, 0, 0, 0, 0, 0, 0, 0, 0, 0, 0, 0, 0, 0, 0, 0], [26323.37, 0, 20938.55, 0, 20281.67, 0, 7592.56, 136579.69, 0, 0, 0, 0, 0, 0, 0, 0, 0, 0, 0, 0, 0, 0, 0, 0, 0, 0, 0, 0, 0, 0, 0, 0, 0, 0, 0, 0, 0, 0, 0, 0, 0, 0, 0, 0, 11926.14, 0, 0, 0, 31778.01, 0, 0, 0, 17739.4, 0, 0, 0, 0], [0, 35225.12, 0, 0, 42272.79, 56009.16, 0, 0, 266505.68, 0, 0, 0, 40125.35, 0, 0, 0, 0, 0, 0, 0, 0, 0, 0, 0, 0, 0, 0, 0, 0, 56581.59, 0, 0, 0, 0, 0, 0, 0, 0, 0, 0, 0, 0, 0, 0, 0, 0, 0, 0, 0, 0, 0, 0, 0, 0, 0, 0, 0], [0, 0, 0, 52715.36, 0, 0, 0, 0, 0, 220151.67, 0, 0, 48068.54, 6210.44, 0, 0, 0, 0, 0, 0, 0, 44308.04, 6466.81, 0, 7994.04, 0, 0, 0, 0, 0, 0, 0, 0, 0, 0, 0, 0, 0, 0, 0, 0, 0, 0, 0, 0, 0, 0, 0, 0, 0, 0, 0, 0, 0, 0, 0, 0], [0, 0, 0, 0, 0, 0, 0, 0, 0, 0, 291128.5, 91747.94, 0, 0, 0, 0, 0, 0, 0, 0, 0, 0, 0, 0, 0, 0, 0, 0, 0, 0, 21373.94, 0, 0, 0, 0, 0, 30709.21, 0, 0, 0, 15658.78, 0, 0, 0, 0, 0, 0, 0, 0, 0, 0, 0, 52710.88, 0, 0, 0, 7919.68], [23469.36, 52385.9, 0, 0, 0, 31976.64, 0, 0, 0, 0, 91747.94, 224716.46, 0, 0, 0, 0, 0, 0, 0, 0, 0, 0, 0, 0, 0, 0, 0, 0, 0, 0, 0, 0, 0, 0, 0, 0, 0, 0, 0, 0, 18032.32, 0, 0, 0, 0, 0, 0, 0, 0, 0, 0, 0, 7104.3, 0, 0, 0, 0], [0, 0, 0, 0, 35455.73, 0, 0, 0, 40125.35, 48068.54, 0, 0, 179226.35, 19509.76, 0, 0, 0, 0, 0, 0, 0, 0, 0, 0, 0, 0, 0, 0, 0, 0, 0, 0, 0, 0, 0, 0, 0, 0, 0, 0, 0, 0, 0, 0, 0, 0, 0, 0, 0, 0, 0, 0, 0, 0, 0, 0, 0], [0, 0, 0, 0, 43996.5, 0, 16912.54, 0, 0, 6210.44, 0, 0, 19509.76, 124655.7, 0, 0, 0, 0, 0, 0, 0, 0, 38026.46, 0, 0, 0, 0, 0, 0, 0, 0, 0, 0, 0, 0, 0, 0, 0, 0, 0, 0, 0, 0, 0, 0, 0, 0, 0, 0, 0, 0, 0, 0, 0, 0, 0, 0], [0, 0, 0, 0, 0, 0, 0, 0, 0, 0, 0, 0, 0, 0, 166931.92, 0, 0, 0, 0, 0, 0, 811.98, 0, 27876.26, 33679.92, 0, 0, 50592.8, 0, 0, 0, 0, 0, 0, 0, 0, 0, 0, 0, 0, 0, 0, 0, 0, 0, 0, 0, 0, 0, 0, 0, 0, 0, 0, 0, 0, 0], [0, 0, 0, 0, 0, 0, 0, 0, 0, 0, 0, 0, 0, 0, 0, 176610.54, 0, 44184.85, 59561.36, 18894.09, 36140.44, 0, 0, 0, 0, 0, 0, 0, 0, 0, 0, 0, 0, 0, 0, 0, 0, 0, 0, 0, 0, 0, 0, 0, 0, 0, 0, 0, 0, 0, 0, 0, 0, 0, 0, 0, 0], [0, 0, 0, 0, 0, 0, 0, 0, 0, 0, 0, 0, 0, 0, 0, 0, 86375.21, 37221.25, 0, 0, 0, 0, 0, 8472.35, 0, 0, 0, 19036.41, 0, 0, 0, 0, 0, 0, 0, 0, 0, 0, 0, 0, 0, 0, 0, 0, 0, 0, 0, 0, 0, 0, 0, 0, 0, 0, 0, 0, 0], [0, 0, 0, 0, 0, 0, 0, 0, 0, 0, 0, 0, 0, 0, 0, 44184.85, 37221.25, 186776.0, 13765.81, 0, 0, 0, 0, 28464.87, 0, 0, 0, 0, 0, 0, 0, 0, 0, 0, 0, 0, 0, 0, 0, 0, 0, 0, 0, 0, 0, 0, 0, 0, 0, 0, 0, 0, 0, 0, 0, 0, 0], [0, 0, 0, 0, 0, 0, 0, 0, 0, 0, 0, 0, 0, 0, 0, 59561.36, 0, 13765.81, 300050.61, 67306.46, 0, 0, 48620.35, 53613.27, 14106.17, 0, 43077.2, 0, 0, 0, 0, 0, 0, 0, 0, 0, 0, 0, 0, 0, 0, 0, 0, 0, 0, 0, 0, 0, 0, 0, 0, 0, 0, 0, 0, 0, 0], [0, 0, 0, 0, 0, 0, 0, 0, 0, 0, 0, 0, 0, 0, 0, 18894.09, 0, 0, 67306.46, 278420.43, 0, 0, 0, 0, 0, 50843.87, 23882.73, 0, 0, 0, 0, 0, 0, 0, 0, 0, 0, 0, 0, 0, 0, 0, 0, 0, 49655.77, 0, 0, 0, 0, 0, 5732.08, 0, 0, 0, 0, 0, 0], [0, 0, 0, 0, 0, 0, 0, 0, 0, 0, 0, 0, 0, 0, 0, 36140.44, 0, 0, 0, 0, 142874.48, 0, 0, 0, 0, 0, 0, 0, 0, 0, 0, 0, 0, 0, 0, 0, 0, 0, 0, 0, 0, 0, 0, 0, 0, 0, 0, 0, 0, 0, 0, 0, 0, 0, 0, 0, 0], [0, 0, 0, 7895.25, 0, 0, 0, 0, 0, 44308.04, 0, 0, 0, 0, 811.98, 0, 0, 0, 0, 0, 0, 123212.99, 0, 0, 24865.88, 0, 0, 0, 0, 0, 0, 0, 0, 0, 0, 0, 0, 0, 0, 0, 0, 0, 0, 0, 0, 0, 0, 0, 0, 0, 0, 0, 0, 0, 0, 0, 0], [0, 0, 0, 0, 0, 0, 11317.12, 0, 0, 6466.81, 0, 0, 0, 38026.46, 0, 0, 0, 0, 48620.35, 0, 0, 0, 141371.7, 0, 28193.24, 0, 8747.71, 0, 0, 0, 0, 0, 0, 0, 0, 0, 0, 0, 0, 0, 0, 0, 0, 0, 0, 0, 0, 0, 0, 0, 0, 0, 0, 0, 0, 0, 0], [0, 0, 0, 0, 0, 0, 0, 0, 0, 0, 0, 0, 0, 0, 27876.26, 0, 8472.35, 28464.87, 53613.27, 0, 0, 0, 0, 127414.37, 5592.91, 0, 0, 3394.7, 0, 0, 0, 0, 0, 0, 0, 0, 0, 0, 0, 0, 0, 0, 0, 0, 0, 0, 0, 0, 0, 0, 0, 0, 0, 0, 0, 0, 0], [0, 0, 0, 0, 0, 0, 0, 0, 0, 7994.04, 0, 0, 0, 0, 33679.92, 0, 0, 0, 14106.17, 0, 0, 24865.88, 28193.24, 5592.91, 114432.18, 0, 0, 0, 0, 0, 0, 0, 0, 0, 0, 0, 0, 0, 0, 0, 0, 0, 0, 0, 0, 0, 0, 0, 0, 0, 0, 0, 0, 0, 0, 0, 0], [0, 0, 0, 0, 0, 0, 0, 0, 0, 0, 0, 0, 0, 0, 0, 0, 0, 0, 0, 50843.87, 0, 0, 0, 0, 0, 89278.93, 0, 0, 0, 0, 0, 0, 0, 0, 0, 0, 0, 0, 0, 0, 0, 0, 0, 0, 6216.99, 0, 0, 0, 0, 0, 19161.79, 13056.28, 0, 0, 0, 0, 0], [0, 0, 25732.38, 0, 0, 0, 1096.79, 0, 0, 0, 0, 0, 0, 0, 0, 0, 0, 0, 43077.2, 23882.73, 0, 0, 8747.71, 0, 0, 0, 130462.94, 0, 0, 0, 0, 0, 0, 0, 0, 0, 0, 0, 0, 0, 0, 0, 0, 0, 27926.14, 0, 0, 0, 0, 0, 0, 0, 0, 0, 0, 0, 0], [0, 0, 0, 0, 0, 0, 0, 0, 0, 0, 0, 0, 0, 0, 50592.8, 0, 19036.41, 0, 0, 0, 0, 0, 0, 3394.7, 0, 0, 0, 113875.14, 0, 0, 0, 0, 0, 0, 0, 0, 0, 0, 0, 0, 0, 0, 0, 0, 0, 0, 0, 0, 0, 0, 0, 0, 0, 0, 0, 0, 0], [0, 0, 0, 0, 0, 0, 0, 0, 0, 0, 0, 0, 0, 0, 0, 0, 0, 0, 0, 0, 0, 0, 0, 0, 0, 0, 0, 0, 131619.06, 0, 0, 0, 0, 0, 0, 32370.3, 0, 0, 0, 0, 23195.71, 0, 0, 0, 0, 0, 0, 0, 0, 0, 0, 0, 0, 0, 0, 0, 0], [0, 3689.04, 0, 0, 0, 0, 0, 0, 56581.59, 0, 0, 0, 0, 0, 0