{"number_units": 125, "Distance": [[0.0, 21497.29, 15386.98, 41479.31, 21606.74, 47130.49, 51490.55, 26947.8, 43768.95, 26742.11, 26498.54, 32208.05, 28375.76, 18352.95, 37344.48, 36312.48, 17198.26, 27799.5, 28984.4, 118879.25, 109521.13, 108166.69, 112243.66, 94385.89, 112479.59, 99032.2, 95614.65, 111886.48, 129354.22, 117343.9, 91582.08, 123624.59, 88736.99, 146189.94, 186522.69, 116574.53, 141882.13, 162252.53, 189947.15, 139953.84, 162635.86, 130760.91, 128987.79, 186224.1, 175044.38, 75367.39, 119095.57, 87226.57, 122091.86, 71764.96, 65807.72, 96690.72, 74933.08, 100385.3, 107067.44, 108365.93, 57304.23, 91097.56, 109432.92, 82406.44, 73296.21, 86444.83, 57165.86, 78074.9, 69048.79, 76553.25, 76927.65, 67398.79, 66702.0, 69556.11, 96324.93, 71152.16, 88749.49, 55959.05, 148354.27, 144971.07, 161170.73, 159908.94, 135778.4, 158875.25, 130773.6, 148242.84, 108702.73, 129498.63, 153882.32, 76231.04, 95395.42, 134748.18, 121507.08, 83838.91, 115198.93, 97924.8, 85947.71, 144202.16, 121465.75, 91376.65, 80346.48, 34144.91, 51470.97, 53469.39, 69295.4, 56699.08, 74591.65, 17904.22, 43700.52, 16751.08, 58578.1, 97631.29, 67991.19, 28558.75, 96333.16, 37781.03, 60309.79, 79939.27, 89190.85, 71499.42, 18300.6, 58713.71, 42482.35, 20371.76, 146896.31, 130588.62, 76194.81, 85341.98, 82022.02], [21497.29, 0.0, 33631.63, 28940.22, 15991.88, 32906.69, 30246.61, 5694.85, 24680.07, 21552.08, 43539.45, 12799.1, 9197.67, 25366.41, 16005.36, 16848.79, 11892.12, 30265.47, 16284.07, 101958.17, 89923.54, 90663.18, 100607.08, 82172.79, 92161.45, 85013.58, 79479.95, 96309.52, 113865.62, 103012.63, 72922.55, 105980.53, 73052.36, 147043.97, 183782.33, 116959.55, 146347.04, 161024.29, 192145.87, 136595.3, 165008.86, 133670.64, 129036.99, 186958.88, 170132.04, 84108.2, 131552.01, 99248.28, 130775.11, 84001.06, 81883.23, 111440.11, 92299.83, 106571.01, 117386.61, 125034.19, 76096.62, 99797.6, 113512.15, 71649.62, 65489.57, 72406.29, 38889.48, 63046.92, 57156.97, 55824.16, 59938.25, 50472.1, 52097.71, 48819.07, 76099.62, 52576.11, 68249.53, 35583.42, 131235.6, 124991.17, 144663.82, 142707.27, 118844.37, 140014.8, 110611.37, 128710.39, 105594.06, 119413.13, 146395.66, 70372.4, 85348.8, 122351.85, 117647.11, 79118.87, 105716.42, 94313.99, 79898.67, 138901.81, 113715.05, 86247.46, 79364.51, 53705.22, 50822.82, 46415.21, 66627.9, 70316.24, 77246.74, 39371.82, 60480.93, 23388.65, 70667.24, 101207.4, 62971.12, 49673.13, 97663.26, 38496.99, 68473.77, 85729.77, 89437.65, 70850.81, 37830.44, 63062.68, 52786.57, 30308.74, 128299.72, 111609.64, 56299.35, 67789.95, 62626.26], [15386.98, 33631.63, 0.0, 56752.28, 25914.25, 62288.88, 63692.37, 38215.46, 57686.5, 28219.01, 11115.62, 41238.83, 41918.8, 15069.45, 49484.15, 49957.62, 32281.08, 23119.24, 44002.7, 133834.75, 123388.94, 122951.65, 127608.57, 109772.14, 125790.22, 114372.25, 110696.75, 127084.54, 144582.41, 132677.83, 105919.6, 138389.23, 103880.73, 158465.76, 199973.85, 129263.31, 152502.4, 175259.66, 201397.05, 153774.9, 174141.06, 142244.61, 141704.52, 198347.41, 189191.48, 84635.07, 124690.27, 93818.85, 130451.4, 78673.46, 69307.03, 100603.05, 76475.11, 110579.97, 114527.37, 109939.28, 57525.46, 99978.32, 120587.26, 97761.0, 88431.04, 101768.91, 71525.6, 93284.9, 84435.08, 89440.18, 91775.98, 82223.42, 81927.41, 82439.16, 109715.23, 85467.16, 101881.01, 69187.67, 163291.82, 158582.98, 176256.29, 174833.84, 150750.1, 173195.64, 144229.06, 162178.39, 122631.15, 144733.68, 168684.7, 91055.48, 110682.13, 150128.73, 135566.01, 98373.54, 130391.33, 112073.77, 100733.79, 158542.62, 136396.19, 105939.94, 93933.2, 35026.35, 65556.46, 68663.86, 83520.52, 63145.18, 86982.03, 12882.87, 47826.7, 31376.24, 66191.37, 109192.19, 82743.12, 25704.29, 108876.14, 52027.24, 70476.14, 90760.57, 102239.53, 85127.79, 22969.77, 70851.9, 52416.42, 33263.82, 161331.34, 144829.4, 89822.2, 100063.61, 95973.72], [41479.31, 28940.22, 56752.28, 0.0, 44927.87, 6171.15, 29041.34, 29412.23, 15752.54, 50410.95, 67777.49, 35735.41, 20621.98, 53019.85, 24994.84, 17277.57, 24532.7, 59063.25, 13264.9, 77780.95, 71658.33, 67511.21, 72060.21, 53766.02, 76406.87, 57675.36, 54325.7, 70427.24, 87877.65, 75958.91, 52557.29, 82937.01, 47355.73, 121760.57, 156127.91, 91849.28, 124073.41, 134259.27, 167378.05, 108934.11, 140642.58, 110247.0, 103448.4, 161201.15, 141727.11, 69462.95, 119300.42, 87959.22, 113458.41, 74279.5, 78688.23, 103745.0, 90706.36, 87289.76, 102685.61, 120232.38, 78987.15, 83903.89, 91724.55, 42778.37, 36936.23, 45044.13, 20458.83, 36619.95, 28460.07, 44410.72, 36417.4, 27224.44, 25240.99, 38442.81, 60599.12, 33098.12, 54454.73, 26310.6, 107234.12, 107284.92, 119808.82, 118796.08, 94615.11, 119118.26, 93782.56, 109591.42, 78415.21, 90554.35, 117514.73, 42533.93, 56432.11, 94160.27, 89927.85, 51629.37, 76786.18, 67069.02, 51742.45, 110489.01, 84851.84, 58382.23, 54495.1, 61256.34, 29635.64, 19288.4, 41172.65, 64356.93, 56003.18, 56867.82, 61372.99, 28952.26, 62315.52, 79411.43, 35957.35, 62310.6, 73910.65, 23722.89, 54920.91, 67275.32, 65099.6, 46852.29, 48868.18, 45487.27, 45420.32, 32977.61, 106911.67, 91246.71, 40848.4, 45116.26, 44861.78], [21606.74, 15991.88, 25914.25, 44927.87, 0.0, 48814.99, 41187.34, 17207.41, 39232.16, 6164.22, 33117.84, 16678.98, 24855.87, 12435.73, 27993.02, 31661.51, 24419.95, 14477.49, 32094.94, 116442.5, 102427.23, 104898.6, 116514.36, 98057.82, 103647.88, 100604.95, 94467.75, 111405.93, 128918.48, 118461.6, 86529.47, 120027.55, 88253.61, 161352.49, 199099.67, 131327.39, 159323.75, 175958.34, 206087.12, 151970.92, 178842.69, 147230.49, 143545.92, 201377.41, 185819.7, 94737.46, 140065.47, 107971.39, 141659.67, 92505.38, 87376.21, 118142.36, 96519.14, 118637.34, 127274.58, 129970.29, 78688.75, 110549.1, 126538.36, 87637.53, 81334.61, 88051.9, 53415.86, 78523.55, 73124.32, 67134.57, 74748.59, 65446.07, 67764.76, 60307.86, 87929.75, 66571.08, 79745.82, 48221.59, 145476.04, 136734.98, 159181.13, 156858.77, 133237.2, 152954.92, 122182.94, 141006.18, 120839.79, 135395.54, 162334.22, 85983.06, 101340.57, 138137.8, 133079.92, 94578.81, 121708.03, 109624.69, 95581.67, 154610.52, 129648.02, 101811.13, 93942.68, 55442.37, 64957.36, 62030.51, 81551.78, 77762.47, 90600.56, 36123.49, 65283.99, 32937.98, 79175.04, 114376.57, 78385.52, 48574.24, 111638.67, 51830.54, 79259.95, 97849.48, 103717.25, 85259.56, 39828.02, 75570.7, 62150.95, 38961.28, 141527.52, 124587.91, 68942.28, 82212.96, 75713.88], [47130.49, 32906.69, 62288.88, 6171.15, 48814.99, 0.0, 26765.55, 32442.97, 14497.69, 53991.43, 73242.7, 37907.93, 23998.17, 57697.0, 25947.63, 18738.49, 30008.74, 63170.49, 18342.51, 71860.29, 65511.08, 61460.82, 67705.11, 49266.18, 70363.17, 52489.34, 48496.18, 64796.13, 82304.17, 70690.73, 46387.38, 76902.49, 41608.23, 121573.52, 154455.43, 91902.55, 125114.34, 133234.06, 167293.72, 107370.48, 140804.33, 110924.3, 103193.61, 160664.6, 139395.71, 73091.7, 122999.03, 92049.33, 116051.47, 78774.95, 84018.38, 108319.24, 96125.79, 89539.28, 105973.22, 125136.09, 84841.69, 87076.73, 93134.81, 39045.85, 34995.0, 39833.91, 14971.56, 31007.58, 24398.86, 39105.16, 30305.01, 21060.72, 19685.97, 33485.16, 54632.7, 27036.26, 48690.06, 22415.21, 101331.09, 101126.91, 114042.81, 112892.56, 88727.32, 112984.4, 87658.1, 103420.45, 77367.39, 86682.1, 114423.84, 41375.09, 52829.38, 89493.02, 88395.78, 50626.11, 73217.79, 66068.99, 50096.49, 108210.5, 81880.89, 56955.43, 55095.56, 67389.1, 32651.52, 19913.39, 41781.83, 69506.54, 58067.48, 62860.56, 67204.65, 35086.76, 67172.64, 80934.34, 35701.49, 68473.04, 74739.04, 28789.01, 59024.05, 70000.44, 65781.44, 48040.36, 55026.54, 48913.71, 50708.73, 39138.26, 100792.09, 85085.33, 35077.83, 38981.79, 38823.8], [51490.55, 30246.61, 63692.37, 29041.34, 41187.34, 26765.55, 0.0, 25499.9, 13389.87, 43865.87, 73064.58, 24780.5, 23645.15, 53248.41, 14245.14, 16874.06, 36959.17, 54670.03, 28818.81, 77313.2, 61298.73, 65429.5, 84760.17, 66790.78, 62545.94, 66225.35, 57280.3, 74127.94, 91157.19, 82602.05, 46355.82, 80064.57, 52232.06, 147497.55, 178089.49, 118119.47, 151811.66, 158081.43, 193235.31, 131476.6, 167005.01, 137493.91, 129105.16, 186108.46, 161662.87, 98370.14, 148101.56, 116473.59, 142443.87, 102324.74, 104616.73, 131507.6, 116126.91, 116123.03, 131688.93, 147184.84, 102044.64, 112935.45, 119899.41, 60031.58, 59800.4, 54778.73, 18615.22, 44733.2, 46091.82, 26004.42, 37932.66, 30290.24, 36833.08, 19124.49, 46746.64, 27880.74, 38601.87, 8681.47, 105633.06, 95597.84, 119749.06, 116824.09, 93744.37, 111896.0, 81077.3, 99820.51, 102519.75, 105017.33, 134869.34, 66917.71, 73316.41, 104233.4, 112720.47, 76158.98, 92999.35, 91397.56, 74834.77, 130865.38, 103206.42, 81860.19, 81733.27, 81191.8, 58653.33, 46677.64, 68466.11, 91084.12, 84703.15, 69384.39, 85062.5, 47662.99, 89799.66, 107697.94, 62070.93, 78812.92, 101412.19, 51651.14, 83553.84, 96277.64, 92421.1, 74803.89, 66058.48, 74502.22, 72112.59, 54030.69, 100629.78, 83591.01, 28079.04, 43743.47, 35124.37], [26947.8, 5694.85, 38215.46, 29412.23, 17207.41, 32442.97, 25499.9, 0.0, 22024.98, 21735.42, 47623.33, 7858.65, 8830.05, 28321.11, 11403.47, 14523.84, 16913.08, 31641.41, 18129.8, 99285.44, 86055.07, 87794.18, 99890.53, 81403.55, 87879.2, 83575.55, 77261.75, 94205.04, 111713.07, 101342.49, 69615.06, 102985.64, 71073.65, 149574.44, 185329.3, 119497.45, 149690.9, 163009.84, 194883.41, 138118.15, 167842.25, 136715.34, 131441.09, 189362.43, 171136.04, 88534.35, 136427.29, 104133.54, 135004.46, 88973.46, 87333.92, 116681.3, 97856.02, 110410.33, 121943.45, 130490.31, 81763.21, 104135.88, 116890.84, 71487.87, 66343.89, 71078.6, 36217.61, 61447.97, 56836.27, 51388.95, 57541.76, 48245.36, 50852.19, 44418.99, 71920.28, 49495.03, 63923.02, 31612.94, 128386.02, 120841.77, 142026.87, 139797.76, 116104.71, 136396.02, 106383.77, 124787.54, 107335.81, 119092.49, 146748.07, 71714.19, 85267.65, 121268.47, 119123.55, 80661.53, 105657.96, 96006.04, 81068.02, 139896.67, 114131.19, 87605.53, 81851.01, 59400.01, 53843.97, 47918.52, 68866.32, 75530.86, 80571.41, 44736.58, 66044.97, 28663.07, 75685.16, 104543.28, 64659.12, 55278.4, 100530.34, 42178.32, 72919.64, 89612.23, 92118.44, 73516.41, 43521.38, 66892.58, 57715.48, 35612.0, 124822.74, 107991.88, 52428.2, 65052.38, 59001.04], [43768.95, 24680.07, 57686.5, 15752.54, 39232.16, 14497.69, 13389.87, 22024.98, 0.0, 43519.65, 68005.52, 25516.23, 15795.61, 49927.15, 12609.68, 7833.39, 27348.1, 53655.35, 17055.54, 77374.13, 65791.37, 66003.72, 78925.81, 60484.67, 68794.68, 61890.99, 55237.59, 72187.73, 89689.34, 79465.9, 48313.33, 81303.35, 49098.93, 136071.09, 168525.4, 106388.71, 139366.74, 147597.46, 181791.21, 121537.81, 155286.36, 125299.4, 117690.56, 175132.23, 153019.7, 84980.99, 134716.31, 103126.36, 129210.59, 89069.77, 91955.15, 118340.41, 103650.94, 103017.12, 118314.28, 134261.62, 90316.94, 99580.69, 107198.19, 51741.53, 49206.15, 49550.65, 14253.06, 39726.33, 37132.54, 33516.37, 35521.48, 26233.74, 29649.13, 26707.13, 52629.25, 27913.9, 45266.23, 13015.01, 106589.48, 101202.16, 120107.47, 118047.32, 94234.54, 115529.74, 87023.37, 104554.88, 91760.8, 98613.02, 127332.12, 55801.32, 65465.44, 99806.95, 102602.25, 65064.35, 85700.69, 80486.53, 64345.79, 121925.69, 95040.14, 71265.71, 69457.17, 70410.23, 45386.13, 34131.92, 56117.9, 78156.73, 71678.32, 61209.5, 73037.1, 36606.01, 76667.96, 94927.18, 50188.5, 69258.82, 89048.17, 38343.21, 70180.43, 83026.47, 80130.72, 62168.68, 56038.0, 61138.91, 59139.35, 42449.15, 103728.01, 87149.76, 32441.52, 43161.33, 38317.48], [26742.11, 21552.08, 28219.01, 50410.95, 6164.22, 53991.43, 43865.87, 21735.42, 43519.65, 0.0, 33595.93, 19123.78, 30006.22, 13301.91, 31614.33, 36228.84, 30561.67, 10846.32, 37814.42, 120224.05, 105116.11, 108548.72, 121587.23, 103105.05, 105823.98, 105281.3, 98649.61, 115632.86, 133084.09, 122975.32, 89878.83, 123522.57, 92612.51, 167496.19, 205087.06, 137464.28, 165473.14, 182032.28, 212248.5, 157936.22, 185005.63, 153394.61, 149672.14, 207515.42, 191648.74, 100713.93, 145674.19, 113658.38, 147630.49, 98185.82, 92498.64, 123431.9, 101313.8, 124738.39, 133120.54, 134839.93, 83170.75, 116524.28, 132692.8, 92967.81, 87041.16, 92805.11, 57507.54, 83136.3, 78377.04, 69491.88, 78874.61, 69726.81, 72587.57, 62829.73, 90356.81, 70254.57, 82070.81, 51448.6, 149046.38, 138922.85, 162918.51, 160355.84, 136926.53, 155738.72, 124327.75, 143467.03, 126839.35, 140669.56, 167916.76, 91844.07, 106713.68, 143003.69, 139023.4, 100505.37, 127100.25, 115603.85, 101406.64, 160425.16, 135242.85, 107697.35, 100053.24, 59927.14, 71094.64, 67880.75, 87609.58, 83306.24, 96764.57, 39610.93, 70382.36, 39004.46, 84890.43, 120536.37, 84322.8, 52390.71, 117795.05, 57992.25, 85273.71, 103963.1, 109856.6, 91384.25, 44651.65, 81716.58, 68042.21, 44901.09, 144494.09, 127454.37, 71907.16, 86058.65, 78848.44], [26498.54, 43539.45, 11115.62, 67777.49, 33117.84, 73242.7, 73064.58, 47623.33, 68005.52, 33595.93, 0.0, 49508.09, 52212.33, 20758.44, 59020.7, 60204.92, 43262.76, 25272.49, 54917.74, 144607.79, 133459.6, 133616.46, 138723.07, 120884.24, 135500.17, 125428.64, 121567.29, 138030.12, 155546.64, 143727.33, 116316.77, 149029.91, 114796.22, 167863.79, 210026.85, 138961.36, 160911.46, 185069.92, 210221.86, 164082.01, 183043.78, 151205.01, 151393.02, 207594.39, 199660.88, 92618.92, 130062.33, 100111.91, 137548.75, 85364.28, 74100.25, 105108.23, 79815.98, 118900.3, 121163.92, 112758.74, 60554.76, 107594.45, 129423.5, 108873.72, 99464.11, 112813.84, 82014.86, 104249.96, 95541.16, 99008.94, 102510.47, 92955.93, 92907.96, 92042.31, 119514.89, 95891.57, 111545.5, 79067.06, 174040.48, 168435.01, 187108.26, 185569.77, 161527.3, 183511.58, 153998.05, 172242.69, 133032.99, 155800.26, 179529.5, 101948.87, 121772.64, 161244.01, 146023.99, 109120.78, 141440.37, 122607.4, 111601.41, 169138.45, 147317.51, 116693.51, 104209.23, 39898.64, 76161.7, 79727.68, 94140.39, 69871.94, 96660.67, 18941.67, 53747.64, 42340.3, 73511.91, 118310.29, 93611.25, 29386.01, 118547.45, 62754.97, 79118.49, 99565.12, 112208.08, 95450.61, 31234.68, 80505.05, 61243.56, 43717.71, 171733.51, 155114.7, 99827.66, 110709.32, 106154.58], [32208.05, 12799.1, 41238.83, 35735.41, 16678.98, 37907.93, 24780.5, 7858.65, 25516.23, 19123.78, 49508.09, 0.0, 15865.68, 29044.26, 13007.94, 19191.04, 24569.85, 29896.27, 25534.37, 101262.01, 86073.78, 89530.29, 104414.23, 85953.16, 87049.02, 87328.75, 80032.28, 97028.93, 114394.74, 104713.53, 70776.5, 104442.36, 74221.15, 156801.84, 191860.67, 126749.5, 157320.46, 169879.3, 202210.89, 144669.34, 175230.15, 144220.4, 138605.05, 196494.86, 177230.33, 96391.64, 144205.53, 111905.71, 142857.16, 96707.31, 94635.19, 124237.81, 104939.97, 118204.89, 129792.72, 137776.33, 88428.22, 111994.33, 124544.49, 76734.95, 72540.02, 75051.66, 38980.42, 65178.16, 62040.58, 50582.5, 60258.4, 51343.56, 55138.07, 43829.07, 71422.65, 51303.0, 63189.41, 32350.87, 129981.41, 120148.16, 143914.17, 141268.18, 117910.06, 136676.48, 105579.6, 124532.22, 114089.61, 123988.39, 152272.99, 78265.71, 90522.32, 125299.95, 125663.03, 87329.93, 110861.69, 102744.52, 87453.6, 146016.23, 119775.22, 94117.36, 89119.38, 65719.19, 61422.21, 54712.85, 76022.58, 83109.27, 88226.46, 49429.38, 73124.82, 36182.93, 83394.54, 112186.59, 71484.24, 60764.61, 107973.2, 49976.03, 80775.25, 97420.91, 99476.08, 80894.08, 49727.43, 74699.17, 65462.14, 43107.41, 125388.45, 108366.21, 52789.51, 67176.84, 59725.11], [28375.76, 9197.67, 41918.8, 20621.98, 24855.87, 23998.17, 23645.15, 8830.05, 15795.61, 30006.22, 52212.33, 15865.68, 0.0, 34547.56, 10511.74, 8041.67, 13411.5, 39279.44, 9719.52, 92847.45, 81484.75, 81618.62, 91670.53, 73206.97, 84155.33, 75861.66, 70295.94, 87114.79, 104672.1, 93831.88, 64104.45, 96972.99, 63855.18, 140966.51, 176503.55, 110905.08, 141541.07, 154239.42, 186351.84, 129292.68, 159364.71, 128370.46, 122792.29, 180698.83, 162326.17, 81687.19, 130291.84, 98091.31, 127771.07, 83186.18, 83109.82, 111546.86, 94152.87, 102746.6, 115224.5, 126148.8, 79123.05, 97109.8, 108795.33, 62965.49, 57536.22, 63270.36, 29869.33, 53864.85, 48372.09, 48186.38, 50790.39, 41303.72, 42964.95, 41195.88, 68016.34, 43685.94, 60381.32, 27585.32, 122165.55, 116777.59, 135533.14, 133653.58, 109745.51, 131323.11, 102504.35, 120269.2, 98534.06, 110665.28, 138066.69, 62885.63, 76720.19, 113293.72, 110296.71, 71843.38, 97110.1, 87200.24, 72239.6, 131085.8, 105425.5, 78776.31, 73267.63, 57728.68, 45632.79, 39111.66, 60204.84, 70480.62, 72493.18, 46121.65, 62586.38, 24716.54, 70078.34, 96429.69, 55864.95, 55179.26, 92111.28, 34668.67, 66172.24, 82038.97, 83611.33, 65028.41, 42434.06, 59343.48, 52035.63, 31463.53, 119521.79, 102939.04, 47974.87, 58722.37, 54055.0], [18352.95, 25366.41, 15069.45, 53019.85, 12435.73, 57697.0, 53248.41, 28321.11, 49927.15, 13301.91, 20758.44, 29044.26, 34547.56, 0.0, 39604.51, 42130.69, 29506.23, 9584.49, 39759.08, 127286.41, 114292.08, 115923.9, 125078.91, 106770.13, 115789.57, 110116.85, 104842.99, 121654.78, 139214.45, 128212.79, 97913.8, 131187.8, 98384.46, 164105.21, 203657.69, 134340.22, 160203.09, 179756.84, 208106.86, 156811.54, 180795.4, 148947.91, 146715.88, 204167.2, 191439.33, 93656.12, 136492.61, 104917.8, 140292.63, 89511.5, 82065.49, 113289.56, 90118.99, 118737.79, 125055.27, 123683.56, 71519.33, 109353.64, 127702.29, 95642.84, 88021.22, 97474.4, 64175.78, 88274.77, 81476.31, 79249.33, 85298.7, 75838.47, 77194.49, 72361.62, 99969.79, 77707.32, 91850.26, 59892.19, 156514.25, 148845.71, 170006.49, 167962.94, 144158.15, 164699.62, 134323.13, 152970.21, 125536.23, 143342.27, 169151.64, 91849.28, 109126.36, 147126.12, 138143.99, 99970.88, 129336.04, 114542.47, 101570.85, 160384.69, 136516.64, 107407.42, 97636.08, 48475.35, 68526.15, 68245.32, 86000.87, 74214.4, 92599.26, 27135.52, 60078.44, 34126.6, 76482.2, 115835.07, 83853.68, 40086.31, 114214.73, 54879.67, 78656.04, 98271.1, 106826.94, 88805.91, 34181.04, 76860.91, 60783.35, 38614.69, 153143.58, 136299.84, 80698.45, 93087.09, 87318.52], [37344.48, 16005.36, 49484.15, 24994.84, 27993.02, 25947.63, 14245.14, 11403.47, 12609.68, 31614.33, 59020.7, 13007.94, 10511.74, 39604.51, 0.0, 7750.13, 23804.57, 42112.8, 18541.74, 88627.1, 74696.93, 76995.88, 91528.18, 73092.76, 76479.52, 74324.38, 67117.51, 84112.79, 101521.36, 91716.74, 58536.69, 92064.32, 61237.18, 146750.5, 180399.21, 116843.33, 148735.78, 158998.95, 192372.85, 133296.56, 165621.95, 135104.62, 128429.29, 186139.54, 165248.56, 90894.11, 139939.93, 107846.88, 136461.65, 93113.8, 93539.69, 121713.88, 104641.18, 110931.1, 124456.27, 136530.91, 89612.47, 106096.15, 116192.73, 64226.11, 60932.68, 62071.61, 26008.51, 52178.63, 49566.3, 40005.94, 47335.55, 38349.24, 42255.52, 33026.24, 60517.29, 38671.92, 52525.2, 20293.28, 117543.62, 109438.5, 131340.08, 128901.34, 105362.59, 125102.89, 94981.38, 113408.49, 103118.03, 111218.46, 139825.33, 67124.33, 77981.01, 112309.82, 114311.21, 76324.68, 98255.63, 91787.05, 76010.4, 134094.62, 107451.93, 82826.03, 79441.6, 68055.09, 53228.51, 44280.31, 66140.96, 80733.73, 80096.55, 55248.69, 73096.63, 35227.81, 80124.61, 103833.43, 60887.65, 65027.95, 98754.3, 43589.95, 75531.96, 90433.56, 90008.43, 71629.79, 52569.41, 67909.89, 62114.99, 41965.98, 113593.86, 96709.04, 41093.98, 54445.66, 47761.31], [36312.48, 16848.79, 49957.62, 17277.57, 31661.51, 18738.49, 16874.06, 14523.84, 7833.39, 36228.84, 60204.92, 19191.04, 8041.67, 42130.69, 7750.13, 0.0, 20492.61, 46129.26, 12142.09, 85155.9, 73443.13, 73821.35, 85555.97, 67068.78, 76170.82, 69057.18, 62864.26, 79772.48, 97302.78, 86823.33, 56128.29, 89131.94, 56594.68, 139036.95, 173011.82, 109113.25, 141007.1, 151424.13, 184645.41, 125866.38, 157879.74, 127355.84, 120725.91, 178467.5, 158123.5, 83772.74, 133077.61, 101114.97, 129049.19, 86590.44, 88003.28, 115483.29, 99397.15, 103373.13, 117310.43, 130763.09, 85170.59, 98835.04, 108489.06, 57567.79, 53566.18, 56578.38, 22051.57, 46924.6, 42872.64, 40365.72, 43214.4, 33826.41, 36395.34, 33407.67, 60021.34, 35743.96, 52450.91, 19699.26, 114401.02, 108749.81, 127879.59, 125865.86, 102028.88, 123310.93, 94494.34, 112227.61, 95551.51, 104948.51, 133084.39, 59584.11, 71359.27, 106796.06, 106867.9, 68752.8, 91715.98, 84211.79, 68584.14, 126928.07, 100585.61, 75346.86, 71694.16, 64453.5, 45610.53, 36565.41, 58397.93, 74741.28, 72439.65, 53952.01, 68216.52, 30813.72, 73785.49, 96134.48, 53214.43, 62570.06, 91005.63, 36483.99, 68540.54, 82953.53, 82258.46, 63883.58, 49565.77, 60527.8, 55893.03, 37158.2, 111535.05, 94920.42, 39945.72, 50961.49, 46016.67], [17198.26, 11892.12, 32281.08, 24532.7, 24419.95, 30008.74, 36959.17, 16913.08, 27348.1, 30561.67, 43262.76, 24569.85, 13411.5, 29506.23, 23804.57, 20492.61, 0.0, 36941.7, 11786.3, 101685.75, 92743.86, 90975.25, 96141.76, 78028.38, 96096.72, 82207.39, 78453.06, 94803.59, 112302.89, 100491.01, 74554.02, 106434.44, 71608.83, 136934.79, 174984.15, 106907.45, 135301.52, 151626.04, 181725.37, 127941.45, 154501.9, 122960.95, 119130.64, 176957.51, 162210.11, 72295.18, 119670.56, 87367.14, 119036.87, 72142.05, 70572.98, 99769.81, 81310.91, 95113.7, 105520.73, 113718.33, 65850.62, 88016.5, 102472.99, 66473.93, 58515.39, 69576.48, 40204.9, 61004.66, 52634.56, 60737.12, 59732.42, 50208.54, 49651.43, 53822.62, 79933.78, 54173.51, 72613.03, 40068.0, 131159.7, 128309.67, 144014.96, 142713.39, 118588.03, 141810.92, 114240.92, 131377.72, 96726.45, 114032.14, 139648.41, 62456.47, 79812.13, 118452.95, 109135.97, 70759.64, 99936.25, 85589.04, 72158.59, 131084.0, 107010.42, 78125.12, 69549.97, 44317.29, 40537.5, 38749.53, 57296.43, 58618.27, 66361.93, 33981.11, 49580.82, 11818.2, 58824.75, 90236.87, 54579.83, 42079.56, 87248.71, 27509.27, 56662.34, 74265.79, 79297.46, 60847.64, 29117.9, 51704.55, 40909.01, 18761.08, 129790.34, 113573.77, 59704.87, 68166.92, 65253.77], [27799.5, 30265.47, 23119.24, 59063.25, 14477.49, 63170.49, 54670.03, 31641.41, 53655.35, 10846.32, 25272.49, 29896.27, 39279.44, 9584.49, 42112.8, 46129.26, 36941.7, 0.0, 46002.05, 130721.32, 115943.17, 119108.67, 130872.55, 112435.32, 116666.67, 115078.18, 108890.22, 125842.55, 143342.1, 132938.24, 100554.22, 134153.42, 102712.63, 172916.42, 211842.74, 143049.42, 169471.56, 188228.49, 217140.9, 164851.23, 189835.95, 158029.55, 155384.59, 212986.03, 199134.02, 103162.17, 146038.74, 114496.74, 149841.38, 99094.13, 91446.12, 122705.79, 99243.46, 128116.13, 134637.02, 132782.33, 80467.97, 118879.24, 136893.77, 101837.4, 95049.54, 102517.88, 67794.13, 93000.93, 87400.16, 80336.61, 89149.48, 79884.46, 82224.13, 73663.85, 101201.01, 80782.64, 92916.93, 62137.72, 159650.24, 149764.11, 173445.43, 170991.77, 147473.79, 166559.53, 135167.37, 154312.2, 133611.57, 149613.45, 176179.56, 99329.32, 115488.79, 152572.65, 146069.81, 107698.59, 135822.53, 122508.8, 109004.21, 167985.62, 143494.59, 115047.95, 106067.42, 57609.69, 76927.87, 75483.79, 94117.11, 83786.32, 101550.62, 35825.78, 69522.86, 43007.85, 86065.6, 124950.96, 91513.13, 48760.85, 123036.56, 63397.65, 88093.39, 107577.82, 115473.7, 97272.58, 43670.53, 85955.33, 70279.03, 47879.92, 155284.27, 138260.38, 82680.61, 96511.15, 89584.61], [28984.4, 16284.07, 44002.7, 13264.9, 32094.94, 18342.51, 28818.81, 18129.8, 17055.54, 37814.42, 54917.74, 25534.37, 9719.52, 39759.08, 18541.74, 12142.09, 11786.3, 46002.05, 0.0, 89901.75, 81369.97, 79198.48, 85319.98, 67030.06, 85085.64, 70759.75, 66696.27, 83112.58, 100633.85, 88998.4, 62953.03, 94658.72, 59884.41, 131444.97, 167573.49, 101367.65, 131823.62, 145004.83, 176763.24, 120373.73, 149740.21, 118686.86, 113319.36, 171244.12, 153848.49, 72427.02, 121398.23, 89316.45, 118268.59, 74644.15, 75875.15, 103414.9, 87317.47, 93096.72, 105989.95, 118621.66, 73421.24, 87727.82, 99075.82, 55949.43, 49245.38, 58107.38, 28767.2, 49344.04, 41717.23, 50466.46, 47951.94, 38435.96, 38027.59, 43728.47, 68959.51, 42658.55, 61922.06, 30070.33, 119374.89, 117004.68, 132257.91, 130928.0, 106806.0, 130148.67, 103063.33, 119893.1, 89441.18, 103706.94, 130256.51, 54098.05, 69530.91, 107418.12, 101410.03, 62887.05, 89836.91, 78137.34, 63614.73, 122619.28, 97568.08, 69979.8, 63721.2, 53363.18, 35914.87, 30151.2, 50757.15, 62611.81, 62774.58, 45459.62, 56292.3, 19568.92, 61744.95, 86710.24, 46775.09, 52568.16, 82453.13, 25193.29, 57015.12, 72427.8, 74001.95, 55404.35, 39220.08, 49764.98, 43802.86, 25447.48, 118092.83, 101963.07, 48719.9, 56410.69, 53943.48], [118879.25, 101958.17, 133834.75, 77780.95, 116442.5, 71860.29, 77313.2, 99285.44, 77374.13, 120224.05, 144607.79, 101262.01, 92847.45, 127286.41, 88627.1, 85155.9, 101685.75, 130721.32, 89901.75, 0.0, 27327.69, 11994.31, 36196.2, 37013.66, 35906.63, 26946.38, 23603.59, 12027.69, 16235.49, 19386.42, 31392.09, 7722.71, 30752.25, 121388.57, 131758.11, 101347.22, 137667.45, 121353.74, 161885.7, 94559.55, 141387.09, 122175.1, 106300.32, 150730.33, 110619.43, 119416.07, 163110.55, 139344.53, 145916.75, 131316.26, 143435.63, 158491.79, 155616.77, 120680.91, 143991.23, 177487.1, 149572.48, 126962.85, 115637.45, 48401.53, 61837.29, 35988.54, 63121.14, 41638.19, 54406.51, 55508.99, 42111.26, 51660.21, 52806.2, 60325.28, 39226.05, 49971.38, 45980.47, 69048.34, 29476.59, 42590.26, 42741.46, 41035.45, 16919.65, 44359.23, 37025.65, 40201.01, 80761.2, 50536.39, 80431.75, 66965.98, 46146.59, 39028.53, 81979.76, 69896.79, 49111.99, 75524.72, 64544.99, 86410.93, 60820.06, 68099.04, 84024.21, 136419.05, 87207.28, 73791.33, 78489.47, 128605.37, 96529.69, 134641.65, 132535.85, 106481.92, 124174.72, 107624.7, 71794.79, 139264.44, 97168.44, 93543.43, 111734.49, 109810.39, 90383.09, 84804.18, 126012.05, 99646.75, 113031.42, 109440.13, 32134.63, 22889.17, 50063.33, 34233.05, 42821.73], [109521.13, 89923.54, 123388.94, 71658.33, 102427.23, 65511.08, 61298.73, 86055.07, 65791.37, 105116.11, 133459.6, 86073.78, 81484.75, 114292.08, 74696.93, 73443.13, 92743.86, 115943.17, 81369.97, 27327.69, 0.0, 19386.44, 58650.8, 51425.28, 9488.63, 42063.54, 30214.51, 34301.4, 43379.06, 44547.34, 19517.06, 24770.69, 34859.52, 143031.84, 157672.44, 119792.25, 156745.24, 145380.32, 185469.3, 117930.38, 163388.95, 141088.15, 126609.42, 174966.41, 136985.56, 127274.75, 174540.36, 147518.41, 160335.42, 137128.12, 146336.86, 165947.28, 158668.34, 133819.99, 155689.95, 184307.72, 149475.96, 137455.89, 131178.4, 58154.01, 69661.4, 43354.26, 52603.44, 42571.36, 57083.07, 35823.73, 36833.03, 44787.87, 50600.84, 42296.2, 15307.84, 38786.63, 23628.0, 54447.02, 48105.55, 35673.28, 62836.62, 58198.29, 38556.2, 50633.92, 22307.54, 38791.79, 99391.53, 76054.24, 106854.98, 76638.61, 62110.66, 66075.45, 103248.21, 82338.17, 71649.02, 91883.72, 77603.2, 111176.79, 83918.42, 82907.77, 95296.65, 132896.79, 89843.68, 74711.65, 86429.88, 131362.99, 105839.21, 126721.19, 131871.06, 100181.01, 127810.22, 121496.39, 78770.51, 133643.01, 111662.68, 92274.7, 116757.22, 119540.91, 103670.6, 93561.13, 120188.82, 104775.97, 113742.42, 104631.14, 39732.0, 22559.79, 33640.92, 28555.98, 27502.1], [108166.69, 90663.18, 122951.65, 67511.21, 104898.6, 61460.82, 65429.5, 87794.18, 66003.72, 108548.72, 133616.46, 89530.29, 81618.62, 115923.9, 76995.88, 73821.35, 90975.25, 119108.67, 79198.48, 11994.31, 19386.44, 0.0, 39323.59, 34134.22, 28831.05, 24086.72, 15237.35, 15028.76, 27447.96, 25480.97, 19397.91, 15461.01, 22071.55, 124104.69, 138393.73, 101790.9, 138623.07, 126029.87, 166186.88, 98634.45, 144399.71, 122988.1, 108016.17, 155606.98, 117868.23, 114329.85, 159849.65, 134492.74, 144139.52, 125421.81, 136455.37, 153396.31, 148739.16, 118133.59, 140803.92, 172176.45, 141552.88, 123122.75, 114378.39, 43277.8, 56123.3, 29162.33, 51773.74, 32498.94, 46375.08, 43579.02, 31250.48, 40767.93, 43107.13, 48331.07, 28390.79, 38331.28, 34508.88, 57242.22, 40594.98, 45172.97, 54385.2, 52044.52, 28380.15, 52126.05, 35858.45, 44875.28, 81230.47, 56792.47, 87809.3, 62214.37, 44501.34, 47768.12, 84325.97, 66594.02, 52369.44, 74512.06, 61501.41, 91792.0, 64605.83, 66090.3, 80277.56, 127266.68, 79747.19, 65539.98, 73095.07, 121503.32, 91945.58, 124314.38, 124255.44, 96415.43, 117380.12, 105402.6, 65878.47, 129534.27, 95227.27, 84807.34, 105408.21, 105517.66, 87736.98, 79855.02, 116173.25, 93272.76, 105105.22, 99783.83, 39766.42, 25977.54, 38071.05, 22910.43, 30828.18], [112243.66, 100607.08, 127608.57, 72060.21, 116514.36, 67705.11, 84760.17, 99890.53, 78925.81, 121587.23, 138723.07, 104414.23, 91670.53, 125078.91, 91528.18, 85555.97, 96141.76, 130872.55, 85319.98, 36196.2, 58650.8, 39323.59, 0.0, 18488.93, 68127.7, 19886.02, 32633.77, 25096.3, 30428.23, 17441.73, 50453.67, 43634.55, 34226.49, 85333.55, 100248.57, 65614.51, 101591.88, 86732.11, 126868.32, 59314.26, 105466.27, 86175.9, 70113.63, 116324.52, 80739.1, 91592.05, 130847.76, 110430.0, 111794.71, 105105.44, 119885.39, 129736.31, 131442.47, 87902.69, 111840.36, 148917.64, 129199.51, 96264.04, 81238.48, 29865.91, 41024.11, 29984.75, 66532.23, 40027.52, 43603.03, 71993.28, 47748.69, 54470.42, 49278.77, 73687.7, 64476.5, 58512.47, 67846.98, 76184.01, 53919.57, 78442.19, 60438.8, 63482.52, 44043.57, 75560.08, 73004.43, 75077.21, 45216.27, 20485.59, 51626.03, 42275.37, 18177.52, 22741.1, 45795.34, 41015.35, 13104.96, 41780.09, 35739.65, 52881.7, 25283.04, 36577.92, 54876.21, 120885.45, 68322.88, 59534.58, 54053.5, 105924.15, 68525.72, 124931.23, 113689.13, 96884.18, 100731.33, 74624.94, 49782.28, 126249.32, 64014.95, 78855.76, 87476.17, 80535.2, 58635.05, 58529.07, 114107.85, 76222.79, 93827.8, 97582.29, 64662.87, 58985.5, 64373.77, 45523.08, 58685.96], [94385.89, 82172.79, 109772.14, 53766.02, 98057.82, 49266.18, 66790.78, 81403.55, 60484.67, 103105.05, 120884.24, 85953.16, 73206.97, 106770.13, 73092.76, 67068.78, 78028.38, 112435.32, 67030.06, 37013.66, 51425.28, 34134.22, 18488.93, 0.0, 60649.11, 10251.47, 21397.26, 25287.17, 39307.88, 25206.51, 38087.37, 44594.98, 19420.86, 92786.61, 114349.14, 68397.64, 105365.84, 97872.79, 136730.47, 70129.77, 113232.53, 89710.31, 75711.67, 127304.61, 96185.96, 82575.01, 126302.38, 102400.38, 110029.82, 94882.33, 107985.51, 121595.28, 119975.26, 84193.76, 107198.56, 140644.52, 115651.16, 89976.98, 80255.34, 13101.03, 26276.96, 12627.68, 48369.69, 22257.4, 25394.21, 56484.29, 30949.47, 36579.05, 30838.36, 57189.33, 53082.93, 41577.19, 54606.07, 58319.11, 62372.48, 78576.41, 71976.16, 73270.82, 50495.62, 80962.77, 69992.35, 77033.09, 48118.65, 38286.23, 68303.76, 30267.57, 10716.25, 40424.84, 53405.2, 32949.44, 26590.62, 40532.04, 27666.93, 66451.62, 37915.98, 31956.89, 47020.46, 105287.95, 53410.22, 42638.32, 42084.15, 93431.01, 59581.4, 107724.39, 99334.48, 79435.36, 88647.05, 71347.82, 36081.77, 109888.67, 61111.18, 62507.48, 75797.11, 72802.14, 53788.58, 48039.11, 97351.98, 63895.69, 79446.27, 80663.24, 68956.55, 58826.97, 48644.7, 30917.11, 43942.51], [112479.59, 92161.45, 125790.22, 76406.87, 103647.88, 70363.17, 62545.94, 87879.2, 68794.68, 105823.98, 135500.17, 87049.02, 84155.33, 115789.57, 76479.52, 76170.82, 96096.72, 116666.67, 85085.64, 35906.63, 9488.63, 28831.05, 68127.7, 60649.11, 0.0, 51443.43, 39313.75, 43657.23, 51572.34, 53783.05, 26333.27, 32154.89, 43434.49, 152488.07, 166952.28, 129046.2, 166012.33, 154852.47, 194956.21, 127415.26, 172853.77, 150355.87, 136002.91, 184434.36, 146147.1, 134875.19, 182667.13, 155086.58, 169005.82, 144232.69, 152694.58, 173291.12, 165000.84, 142358.23, 163915.7, 191450.12, 155021.17, 145523.23, 140077.34, 66776.5, 77795.62, 52014.71, 56533.04, 50214.98, 64528.81, 36541.59, 43401.6, 50364.45, 57171.68, 43468.2, 16165.54, 43327.18, 23958.54, 56626.82, 53121.12, 33103.42, 67726.58, 62249.18, 45051.99, 51478.03, 18535.62, 38001.3, 108700.36, 85347.41, 115985.16, 84982.14, 71356.71, 74904.27, 112708.88, 91038.06, 81134.41, 101004.96, 86423.77, 120592.27, 93399.89, 91903.14, 103724.26, 137559.33, 96628.0, 81338.84, 94364.98, 137776.74, 113855.77, 130004.16, 137376.17, 104318.72, 134463.93, 130189.61, 86620.42, 137638.19, 120480.9, 98035.11, 123815.31, 127550.48, 112354.19, 101574.45, 124241.39, 111958.32, 119775.02, 109184.81, 42002.38, 25539.62, 36398.09, 35779.26, 31545.28], [99032.2, 85013.58, 114372.25, 57675.36, 100604.95, 52489.34, 66225.35, 83575.55, 61890.99, 105281.3, 125428.64, 87328.75, 75861.66, 110116.85, 74324.38, 69057.18, 82207.39, 115078.18, 70759.75, 26946.38, 42063.54, 24086.72, 19886.02, 10251.47, 51443.43, 0.0, 13169.09, 15558.77, 31286.17, 18317.76, 30962.39, 34447.94, 14490.42, 101170.08, 119715.32, 77860.29, 114769.28, 104844.62, 144353.09, 77119.9, 121579.63, 99117.17, 84559.48, 134422.7, 100535.55, 92475.99, 136545.58, 112399.42, 120209.25, 104504.25, 117089.08, 131546.56, 129182.57, 94437.61, 117444.34, 150550.12, 124063.27, 100167.0, 90329.12, 21710.22, 35227.64, 12655.71, 48586.56, 22164.92, 30592.44, 52123.68, 28500.72, 36217.36, 32928.41, 54024.01, 45490.29, 39176.18, 48220.18, 57557.15, 53465.59, 68325.65, 64064.66, 64650.36, 41240.53, 71140.37, 59914.91, 66829.62, 57376.05, 40243.94, 71509.78, 40035.16, 20414.67, 38083.46, 61455.42, 43179.27, 31466.94, 50425.36, 37914.88, 72017.36, 43646.67, 42112.19, 57200.09, 112516.03, 61571.81, 49414.18, 51646.68, 102383.55, 69587.29, 113345.48, 107402.95, 84911.1, 97768.85, 81567.34, 45184.99, 116445.24, 71292.24, 69465.05, 85120.06, 82904.02, 64035.09, 57871.02, 103575.73, 73098.86, 87626.37, 86827.83, 59024.17, 48576.53, 44545.66, 25640.07, 38801.34], [95614.65, 79479.95, 110696.75, 54325.7, 94467.75, 48496.18, 57280.3, 77261.75, 55237.59, 98649.61, 121567.29, 80032.28, 70295.94, 104842.99, 67117.51, 62864.26, 78453.06, 108890.22, 66696.27, 23603.59, 30214.51, 15237.35, 32633.77, 21397.26, 39313.75, 13169.09, 0.0, 16996.89, 34451.97, 25519.26, 17850.95, 29585.71, 7168.93, 113943.91, 132770.67, 89769.91, 126741.27, 117994.05, 157410.56, 90258.42, 134378.95, 111088.32, 97049.25, 147563.28, 113366.27, 99234.91, 145261.75, 119428.98, 130310.94, 110202.62, 121257.09, 138270.02, 133532.02, 103973.39, 126278.99, 157007.72, 126600.17, 108375.41, 100991.74, 28500.93, 41020.49, 14011.43, 41142.37, 18037.29, 31308.75, 40156.18, 19782.18, 29038.11, 29231.19, 42946.04, 32332.43, 29424.06, 35214.43, 48655.73, 52950.88, 60247.1, 65562.35, 64507.43, 40317.12, 66911.22, 50020.29, 60112.18, 69515.22, 52595.13, 84042.19, 47369.59, 32112.4, 47986.07, 74337.73, 52380.7, 44605.79, 61698.38, 47510.86, 85139.93, 56810.52, 52696.98, 65722.28, 112903.44, 64595.32, 50607.83, 58005.05, 106316.44, 77021.72, 111141.05, 109396.46, 82919.06, 102158.5, 91477.28, 50704.56, 115661.04, 81534.17, 70146.46, 90171.83, 90652.0, 73685.67, 64859.0, 102411.39, 78036.65, 90099.6, 85837.16, 54528.34, 41211.75, 32949.38, 14014.2, 26577.11], [111886.48, 96309.52, 127084.54, 70427.24, 111405.93, 64796.13, 74127.94, 94205.04, 72187.73, 115632.86, 138030.12, 97028.93, 87114.79, 121654.78, 84112.79, 79772.48, 94803.59, 125842.55, 83112.58, 12027.69, 34301.4, 15028.76, 25096.3, 25287.17, 43657.23, 15558.77, 16996.89, 0.0, 17563.1, 10560.96, 31126.14, 19748.82, 23288.83, 110407.12, 123387.24, 89582.65, 126066.3, 111447.48, 151771.08, 84244.38, 130561.38, 110522.39, 94903.97, 140978.57, 102841.66, 107854.17, 151137.73, 127684.98, 133894.74, 120022.55, 132633.97, 146882.33, 144736.92, 108666.1, 132017.14, 165927.13, 139417.71, 115088.4, 103635.57, 37267.72, 50784.09, 26333.41, 58129.42, 33811.77, 44994.99, 55286.29, 36777.36, 45960.01, 45187.87, 58940.14, 42749.43, 46247.64, 47950.92, 65542.64, 38156.77, 54528.97, 49578.78, 49503.05, 25767.72, 55684.92, 48018.05, 52218.31, 68971.41, 41774.58, 72797.58, 55475.59, 34138.37, 33324.65, 70775.51, 58018.47, 38192.71, 63518.6, 52639.43, 76963.84, 50248.71, 56081.3, 72192.43, 127275.42, 76917.32, 64228.3, 67166.07, 117907.66, 84867.34, 126943.62, 122626.28, 98559.47, 113318.39, 95600.43, 60743.13, 130747.17, 85140.91, 84218.99, 100678.28, 98047.86, 78388.17, 73289.33, 117682.3, 88656.71, 102925.3, 100974.11, 43675.89, 34749.62, 48689.05, 30461.29, 41773.94], [129354.22, 113865.62, 144582.41, 87877.65, 128918.48, 82304.17, 91157.19, 111713.07, 89689.34, 133084.09, 155546.64, 114394.74, 104672.1, 139214.45, 101521.36, 97302.78, 112302.89, 143342.1, 100633.85, 16235.49, 43379.06, 27447.96, 30428.23, 39307.88, 51572.34, 31286.17, 34451.97, 17563.1, 0.0, 14348.81, 46434.63, 19838.44, 40850.85, 112199.45, 118171.98, 95331.06, 130457.62, 109887.78, 150546.59, 84136.33, 131644.61, 115332.09, 98562.7, 138831.55, 96571.19, 120620.64, 161218.21, 139945.53, 142163.07, 133544.42, 147184.23, 159256.39, 159095.89, 118293.95, 142180.94, 178420.26, 154926.54, 126276.27, 111592.9, 52259.8, 65583.83, 43286.35, 75579.37, 51298.57, 61769.51, 70816.38, 54210.69, 63478.76, 62657.54, 75139.68, 55398.26, 63341.05, 61921.24, 82652.42, 23704.31, 51099.93, 32805.69, 34083.6, 13955.78, 45248.72, 49430.71, 46401.56, 75256.5, 38787.4, 66533.0, 69124.12, 45624.01, 24670.27, 73992.14, 69923.04, 41566.15, 72192.21, 64487.42, 74600.98, 51779.65, 66448.05, 84117.25, 143800.11, 92555.8, 80700.34, 81078.04, 132702.63, 97452.12, 144218.69, 138472.67, 115798.32, 127852.9, 105023.17, 75369.17, 147663.82, 94413.79, 100751.22, 114886.41, 110040.41, 88766.48, 86558.48, 134716.68, 103091.78, 118626.19, 117977.18, 34890.77, 33472.92, 64820.33, 47422.33, 57673.16], [117343.9, 103012.63, 132677.83, 75958.91, 118461.6, 70690.73, 82602.05, 101342.49, 79465.9, 122975.32, 143727.33, 104713.53, 93831.88, 128212.79, 91716.74, 86823.33, 100491.01, 132938.24, 88998.4, 19386.42, 44547.34, 25480.97, 17441.73, 25206.51, 53783.05, 18317.76, 25519.26, 10560.96, 14348.81, 0.0, 41288.67, 26489.61, 30526.59, 102121.56, 113170.68, 83056.15, 118958.31, 102028.76, 142526.83, 75173.46, 122054.65, 103580.71, 87359.7, 131455.59, 92448.35, 106301.9, 147436.03, 125688.61, 128950.44, 119195.76, 132892.35, 144993.19, 144779.09, 104589.68, 128357.3, 164148.4, 140843.31, 112190.11, 98437.54, 38272.63, 51449.17, 30914.91, 65748.17, 39967.05, 48800.47, 65143.61, 44732.44, 53370.0, 51046.56, 68374.86, 53297.5, 54843.02, 58338.41, 73937.72, 37957.94, 61099.91, 46784.77, 48426.74, 27074.38, 58559.16, 56409.08, 57635.48, 62636.08, 31589.07, 62348.97, 54796.64, 31308.34, 22935.28, 62904.03, 55638.44, 29967.47, 58638.2, 50197.2, 67209.21, 41474.39, 52404.45, 69854.74, 130260.66, 78605.98, 67288.86, 66758.11, 118455.38, 83135.7, 131620.59, 124534.46, 103191.64, 113567.33, 91353.48, 61161.03, 134497.95, 80761.91, 87307.2, 100569.98, 95799.27, 74797.72, 72209.67, 121724.92, 88809.11, 104650.81, 104979.82, 47375.1, 41819.01, 58250.09, 39505.71, 51545.51], [91582.08, 72922.55, 105919.6, 52557.29, 86529.47, 46387.38, 46355.82, 69615.06, 48313.33, 89878.83, 116316.77, 70776.5, 64104.45, 97913.8, 58536.69, 56128.29, 74554.02, 100554.22, 62953.03, 31392.09, 19517.06, 19397.91, 50453.67, 38087.37, 26333.27, 30962.39, 17850.95, 31126.14, 46434.63, 41288.67, 0.0, 33709.99, 18937.35, 130831.6, 150621.6, 105543.99, 142422.38, 135608.3, 174769.88, 107851.01, 151276.51, 126829.12, 113559.03, 165138.77, 131154.31, 108545.01, 156504.38, 128753.77, 143473.46, 117974.62, 126868.91, 146975.8, 139197.17, 116651.77, 137834.76, 165187.25, 129982.4, 119341.61, 115106.19, 41614.15, 51774.97, 27317.35, 34427.67, 23975.73, 38199.08, 24395.43, 17335.87, 25441.13, 31131.67, 28933.19, 15060.41, 20454.69, 17431.47, 38430.26, 59277.75, 54829.6, 73436.83, 70502.1, 47460.29, 67301.92, 41819.97, 57069.05, 85726.01, 70219.35, 101695.84, 59165.48, 48563.53, 64220.91, 91485.83, 65801.09, 62428.59, 77022.84, 61522.24, 102975.23, 74595.41, 67499.55, 77948.08, 113677.19, 70493.91, 55288.38, 68154.42, 111904.57, 87668.53, 108412.43, 112387.94, 81329.47, 108423.84, 104772.57, 60377.59, 114788.67, 95368.28, 72770.51, 97568.19, 101347.27, 86974.34, 75399.95, 101329.25, 85667.77, 94227.3, 85514.65, 55420.29, 39019.8, 18687.61, 9465.15, 11439.92], [123624.59, 105980.53, 138389.23, 82937.01, 120027.55, 76902.49, 80064.57, 102985.64, 81303.35, 123522.57, 149029.91, 104442.36, 96972.99, 131187.8, 92064.32, 89131.94, 106434.44, 134153.42, 94658.72, 7722.71, 24770.69, 15461.01, 43634.55, 44594.98, 32154.89, 34447.94, 29585.71, 19748.82, 19838.44, 26489.61, 33709.99, 0.0, 36726.24, 128609.47, 137550.64, 108965.31, 