{"number_units": 96, "Distance": [[0.0, 55989.26, 20361.5, 27538.64, 43946.34, 60056.02, 21825.28, 80608.92, 88158.87, 100208.33, 76441.74, 58681.49, 110229.37, 96662.81, 102121.05, 126653.46, 69884.16, 80364.68, 120099.46, 89588.82, 114214.31, 47685.95, 58485.93, 80985.21, 96709.67, 114523.85, 58822.79, 79814.51, 167228.93, 109518.05, 102949.89, 146525.8, 195052.68, 181557.93, 80536.63, 94655.19, 153201.62, 170345.78, 192234.82, 83679.85, 205007.15, 121270.71, 152665.42, 202937.73, 213277.71, 186509.35, 192079.52, 253835.9, 234180.45, 225824.51, 204578.64, 227091.2, 247181.74, 240390.31, 217131.25, 217064.54, 210612.08, 238614.71, 234185.82, 128407.01, 135378.48, 148401.13, 146711.44, 96121.52, 114988.26, 159196.77, 141625.64, 108335.32, 101903.49, 143945.31, 97166.94, 140373.84, 116314.25, 152576.95, 120801.98, 150514.57, 168660.54, 160527.9, 202114.01, 180772.12, 153222.81, 128222.59, 177796.29, 137123.49, 109062.83, 146819.28, 96228.67, 174514.84, 181736.53, 164183.17, 109802.29, 119774.53, 139450.78, 131675.07, 143016.69, 124750.03], [55989.26, 0.0, 44526.33, 28650.54, 33389.01, 21003.17, 48709.18, 27477.43, 44956.35, 52191.33, 20500.55, 53830.02, 103688.21, 84433.58, 81917.21, 108652.57, 49634.41, 62734.28, 116089.37, 70384.78, 99405.21, 61327.94, 38491.43, 76486.47, 69895.16, 92925.46, 63769.02, 69388.82, 126338.78, 70134.15, 72377.23, 105158.55, 150090.28, 138055.66, 54836.81, 60712.84, 118136.26, 130462.36, 148421.06, 52145.26, 162457.63, 90275.53, 110340.77, 153325.65, 163075.02, 136933.27, 145155.94, 203365.76, 182389.16, 174861.93, 159512.76, 178081.47, 195637.92, 190495.1, 167532.92, 169733.79, 159638.38, 187250.87, 182892.49, 73415.24, 88423.58, 92760.61, 102993.24, 43974.42, 60248.23, 111205.61, 87592.67, 52603.27, 53077.06, 93180.11, 41949.91, 84707.13, 65682.55, 97868.95, 66822.92, 104872.63, 116124.96, 108686.6, 149027.44, 130162.67, 99900.19, 76569.71, 122678.39, 88349.33, 66119.71, 96887.34, 42500.46, 127491.73, 128941.66, 115967.75, 58149.33, 74034.68, 92287.48, 82578.02, 105669.27, 84553.6], [20361.5, 44526.33, 0.0, 18306.95, 46189.01, 42725.9, 33735.07, 65287.81, 69495.87, 82254.65, 63802.74, 38731.35, 91645.41, 77041.12, 81927.31, 106829.21, 49537.1, 60085.45, 102141.42, 69335.05, 94576.12, 30575.22, 38381.86, 61988.83, 76353.65, 94345.59, 40446.24, 60023.31, 147257.84, 89790.97, 82652.08, 126700.97, 175489.36, 161831.76, 60233.87, 74618.57, 132900.17, 150274.24, 172513.17, 63643.88, 185094.48, 100926.11, 132919.49, 184351.88, 194832.02, 167987.58, 172879.98, 235353.71, 216241.22, 207591.87, 185000.56, 208252.46, 229103.99, 221762.75, 198487.9, 197860.39, 192438.39, 220491.08, 216048.61, 117834.58, 130683.86, 136702.12, 143792.26, 87957.0, 104748.67, 154101.94, 132119.0, 94406.3, 95763.37, 137043.17, 86398.77, 125933.26, 109320.06, 142319.94, 104832.72, 131293.63, 151361.95, 142972.99, 184914.06, 162610.26, 136462.19, 110924.68, 162285.24, 118740.52, 89834.98, 128680.92, 80624.22, 155418.06, 164485.04, 145422.07, 92822.08, 100890.37, 120638.89, 113447.2, 122856.04, 104950.25], [27538.64, 28650.54, 18306.95, 0.0, 29621.54, 34325.7, 26774.42, 53261.74, 63199.64, 74198.26, 48992.87, 46562.65, 101003.03, 84159.19, 86265.64, 112584.75, 51835.89, 64408.75, 112428.39, 73550.46, 101223.66, 44834.83, 38955.62, 71318.69, 77843.9, 98519.04, 52175.67, 67146.21, 144358.23, 86382.75, 82853.38, 123282.49, 170829.5, 157807.23, 61190.39, 72970.72, 132440.47, 147884.27, 168425.61, 62318.1, 181739.92, 101555.32, 129134.77, 177083.38, 187245.38, 160623.04, 167131.08, 227776.72, 207651.35, 199558.08, 180357.11, 201500.56, 220748.9, 214512.27, 191313.76, 192051.85, 184317.06, 212231.84, 207820.8, 101775.02, 112602.75, 121373.51, 125526.26, 70655.84, 88467.27, 136122.22, 115536.45, 80803.59, 77883.25, 119472.38, 70351.05, 112835.33, 91709.58, 126137.64, 93486.75, 125790.15, 141804.17, 133853.67, 175147.91, 154530.81, 126123.54, 101487.18, 150316.95, 111275.01, 84724.75, 120668.86, 68884.57, 149456.2, 154828.46, 138667.91, 82963.59, 94714.08, 114131.42, 105690.27, 121232.39, 101634.82], [43946.34, 33389.01, 46189.01, 29621.54, 0.0, 51649.01, 25324.42, 59983.88, 78201.98, 85411.38, 49670.22, 74846.37, 128823.8, 110933.04, 111013.56, 137827.13, 76765.62, 89990.78, 140633.82, 98656.25, 127337.03, 74452.97, 63966.19, 99553.0, 100505.27, 122780.82, 81508.25, 94366.87, 159726.77, 103291.39, 104030.43, 138547.47, 183132.16, 171305.32, 84365.98, 92795.57, 151168.77, 163847.53, 181614.43, 83289.65, 195737.62, 122393.84, 143713.99, 185126.85, 194555.66, 168860.06, 177847.64, 234503.5, 212855.14, 205881.52, 192508.64, 209985.59, 226192.89, 221971.63, 199256.25, 202214.22, 190748.48, 217964.24, 213673.29, 92167.94, 92566.23, 113301.47, 103041.42, 58018.42, 78859.62, 116411.32, 103354.92, 80111.53, 60978.45, 102681.88, 63275.31, 111248.2, 75768.43, 115066.42, 97013.72, 138002.39, 146636.28, 139766.78, 178727.78, 161690.01, 129994.13, 108265.01, 149962.33, 120984.3, 99495.54, 129048.05, 73847.63, 160252.44, 159097.41, 148506.66, 90252.07, 107321.45, 125254.21, 115189.01, 138869.62, 117870.8], [60056.02, 21003.17, 42725.9, 34325.7, 51649.01, 0.0, 60238.79, 23894.09, 28914.86, 40169.23, 27951.91, 36189.5, 83033.98, 63600.9, 60950.12, 87727.55, 28995.49, 41889.53, 95509.64, 49388.24, 78403.52, 48163.7, 19373.06, 56764.45, 49264.6, 72106.31, 47376.74, 49091.88, 110565.84, 52843.37, 52397.27, 89392.61, 136547.43, 123641.93, 33865.1, 41183.09, 100095.44, 114288.03, 134232.49, 31735.68, 147698.27, 70753.47, 95099.61, 143016.4, 153286.41, 126567.83, 132811.54, 193843.06, 174134.53, 165777.8, 146071.17, 167323.77, 187126.05, 180467.58, 157231.99, 157741.42, 150560.63, 178558.95, 174130.56, 80975.66, 103452.08, 97694.05, 119177.71, 57760.41, 69078.31, 124984.26, 96391.67, 53630.13, 68715.44, 105456.25, 51198.37, 84140.06, 79233.38, 105157.13, 62236.57, 91469.29, 108813.31, 100557.48, 142339.39, 120723.68, 93751.85, 68345.4, 119731.46, 77173.39, 50542.02, 86777.69, 38422.92, 115142.68, 121922.65, 104442.23, 50120.43, 60388.72, 79842.02, 71668.11, 88237.02, 67942.22], [21825.28, 48709.18, 33735.07, 26774.42, 25324.42, 60238.79, 0.0, 75954.12, 89097.12, 99119.76, 68489.18, 70866.24, 124856.36, 109203.54, 112372.3, 138322.91, 78198.41, 90381.8, 135646.54, 99623.39, 126560.78, 64278.07, 65469.04, 95057.86, 104494.2, 124719.93, 74033.14, 92069.13, 170748.48, 112855.67, 109616.19, 149603.61, 196609.85, 183849.95, 87841.84, 99717.15, 159193.43, 174377.35, 194419.77, 89090.66, 207936.43, 128315.37, 155338.16, 201537.46, 211452.53, 185095.91, 192455.23, 251848.06, 231054.4, 223408.2, 206118.38, 226175.18, 244283.25, 238839.7, 215768.89, 217265.4, 208170.28, 235868.93, 231497.79, 116048.82, 117846.44, 136884.42, 127923.07, 82301.54, 102606.5, 141680.66, 127954.39, 100466.42, 86115.32, 127947.93, 85932.44, 132387.03, 100870.44, 139474.55, 115516.95, 151407.96, 164816.4, 157291.66, 197730.68, 178572.88, 148607.63, 125054.4, 170801.01, 136034.24, 110768.45, 145010.28, 91194.16, 174751.02, 177649.42, 163616.01, 106533.77, 120271.07, 139372.09, 130336.73, 147893.54, 128058.7], [80608.92, 27477.43, 65287.81, 53261.74, 59983.88, 23894.09, 75954.12, 0.0, 23829.12, 26001.38, 13252.01, 57550.67, 96117.57, 76265.16, 69561.77, 94589.12, 45612.4, 55881.52, 108650.13, 60685.42, 87896.5, 71526.65, 40689.76, 73996.69, 55476.17, 78379.68, 69237.61, 65158.17, 100781.62, 47598.01, 55121.16, 79846.87, 123173.87, 111563.63, 44970.41, 43253.63, 95076.63, 105188.18, 121774.12, 38801.62, 136036.24, 70739.94, 84562.62, 125848.25, 135612.18, 109458.22, 117904.92, 175936.83, 155125.02, 147464.89, 132534.31, 150608.61, 168338.2, 163028.19, 140055.8, 142380.36, 132231.59, 159915.78, 155543.7, 57994.38, 85013.17, 73911.82, 101696.4, 40440.92, 46980.91, 104948.86, 73679.57, 29739.27, 52531.74, 84564.56, 30508.49, 60676.6, 60148.69, 81822.66, 40225.01, 78130.16, 88953.52, 81338.9, 122097.51, 102704.01, 72986.66, 49126.41, 97280.01, 61043.63, 41815.48, 69424.46, 15625.32, 100285.0, 101875.4, 88623.95, 30672.9, 47879.12, 65289.07, 55254.48, 82033.78, 60512.14], [88158.87, 44956.35, 69495.87, 63199.64, 78201.98, 28914.86, 89097.12, 23829.12, 0.0, 14129.17, 36886.15, 47589.32, 74972.27, 55486.89, 46989.8, 71097.22, 31648.63, 37565.6, 87292.99, 39932.11, 65225.62, 65010.67, 34071.31, 56998.75, 32550.24, 54920.35, 58958.81, 47705.23, 81979.39, 25204.95, 31380.73, 60761.19, 107637.16, 94753.03, 26050.97, 19688.21, 73247.68, 85885.55, 105330.37, 18263.04, 118873.13, 47089.68, 66316.28, 114887.41, 125339.24, 98502.65, 104057.9, 165869.9, 146863.78, 138109.82, 117162.63, 138938.71, 159658.42, 152320.73, 129048.68, 129021.86, 122975.63, 151033.31, 146588.16, 74076.8, 106283.45, 85665.56, 123372.75, 63326.12, 65544.52, 124557.02, 89836.68, 42411.01, 75532.51, 103545.13, 51896.27, 66172.01, 81471.11, 95836.34, 41736.02, 62612.68, 82841.7, 74147.51, 116312.6, 93169.71, 69180.69, 43110.15, 97343.83, 49260.07, 21698.77, 59305.54, 25568.86, 86430.48, 95932.21, 76037.75, 27271.5, 31640.86, 51292.11, 44054.46, 60712.92, 39693.86], [100208.33, 52191.33, 82254.65, 74198.26, 85411.38, 40169.23, 99119.76, 26001.38, 14129.17, 0.0, 38704.05, 61686.29, 84613.04, 65886.63, 55547.97, 76855.39, 45563.69, 50119.52, 96531.23, 50882.4, 73073.73, 79133.87, 48036.81, 69610.89, 41223.16, 61188.4, 72985.71, 60329.76, 74785.06, 24313.98, 37473.8, 53854.96, 97936.6, 85894.94, 38860.23, 27962.67, 69852.75, 79189.2, 96232.99, 30819.41, 110328.12, 48970.19, 58582.74, 102897.19, 113125.32, 86439.96, 93355.46, 153679.55, 134055.37, 125616.18, 107383.52, 127310.35, 147000.46, 140338.53, 117123.51, 118145.67, 110405.77, 138419.84, 133987.5, 64253.77, 99623.59, 73621.98, 116965.35, 59825.33, 57590.88, 116148.74, 79671.05, 32736.97, 71844.85, 94915.63, 47100.41, 52721.16, 75339.35, 84527.73, 28112.5, 52691.91, 69276.49, 60755.28, 102821.34, 80564.25, 55196.65, 29157.4, 83215.62, 37076.99, 16906.62, 46611.48, 18635.18, 75651.66, 82398.83, 64543.09, 13481.02, 21948.79, 40289.81, 31512.58, 56613.15, 35135.28], [76441.74, 20500.55, 63802.74, 48992.87, 49670.22, 27951.91, 68489.18, 13252.01, 36886.15, 38704.05, 0.0, 64058.35, 107092.52, 87233.09, 81545.74, 107093.73, 54619.3, 66138.43, 119667.34, 71877.66, 99826.21, 75627.97, 47085.58, 83159.65, 67774.67, 90896.21, 75326.76, 74757.74, 113234.1, 60843.46, 67958.26, 92475.31, 134517.25, 123387.16, 55876.53, 56006.85, 108206.55, 117754.17, 133427.11, 50523.6, 147862.47, 83919.21, 96958.21, 135480.02, 144885.7, 119247.61, 128692.29, 184873.18, 163397.74, 156265.39, 143771.15, 160349.04, 176711.33, 172302.95, 149595.8, 152829.85, 141111.14, 168428.82, 164116.83, 54435.25, 75770.71, 72899.71, 91852.58, 30139.85, 41837.73, 97047.21, 69368.39, 32158.57, 41661.39, 77541.92, 23561.15, 64252.54, 51347.6, 78912.21, 47490.13, 89842.97, 97111.0, 90112.82, 129574.11, 112021.78, 80590.74, 58667.93, 102395.0, 71975.21, 54917.39, 79588.44, 24325.49, 111226.34, 109713.73, 99268.25, 40979.53, 60288.08, 76770.23, 66191.33, 95103.24, 73572.48], [58681.49, 53830.02, 38731.35, 46562.65, 74846.37, 36189.5, 70866.24, 57550.67, 47589.32, 61686.29, 64058.35, 0.0, 54447.3, 38428.23, 43598.62, 68098.06, 16749.82, 22460.59, 65919.11, 31351.73, 55913.95, 18444.5, 17031.78, 24783.54, 40460.19, 55944.72, 11765.05, 21328.21, 113806.88, 59543.74, 47840.91, 94459.41, 143780.0, 129515.17, 26904.18, 43172.21, 97090.35, 116164.66, 140089.97, 33470.14, 151582.06, 64820.64, 100980.58, 156471.22, 167298.23, 140637.02, 142788.33, 207218.73, 190143.17, 180623.48, 153117.94, 179120.59, 202395.38, 193253.02, 170192.2, 167432.56, 165894.0, 193728.82, 189294.92, 115530.62, 139637.98, 130458.39, 155271.12, 93949.14, 104354.04, 161097.13, 131230.16, 85859.55, 104800.33, 141354.42, 86946.48, 113209.94, 115395.12, 139152.59, 89100.86, 101976.13, 128735.2, 119765.58, 161723.47, 136690.45, 116178.62, 90216.48, 144810.47, 93468.48, 62479.76, 103918.09, 68931.93, 126058.44, 141619.91, 117669.87, 74810.45, 74451.56, 93500.15, 89071.52, 88482.14, 73498.51], [110229.37, 103688.21, 91645.41, 101003.03, 128823.8, 83033.98, 124856.36, 96117.57, 74972.27, 84613.04, 107092.52, 54447.3, 0.0, 19872.7, 29331.83, 25960.09, 54075.02, 41266.05, 12576.14, 35443.04, 16060.84, 62707.1, 65719.85, 29815.57, 43393.25, 29408.99, 51426.64, 34610.99, 94792.01, 65737.58, 48326.61, 82892.49, 126092.71, 111724.11, 51256.24, 56678.41, 72478.32, 94650.53, 120810.24, 57488.08, 128074.91, 49299.45, 88841.24, 146853.9, 157524.57, 133773.14, 129359.95, 193618.45, 181778.25, 171077.79, 134099.5, 164928.5, 192066.75, 179584.9, 158523.13, 150995.19, 158333.79, 183780.8, 179633.97, 148597.68, 180863.19, 157741.55, 197735.89, 136501.92, 140516.18, 199529.29, 164181.86, 116843.54, 148479.31, 178500.18, 126216.95, 134653.31, 155971.86, 169050.09, 110801.42, 96500.14, 132707.47, 123943.17, 161115.29, 133304.1, 126025.2, 104313.85, 155560.52, 98679.96, 73605.6, 107879.06, 100460.48, 116419.22, 143591.76, 112982.58, 96963.79, 82750.65, 94876.36, 97072.17, 71506.21, 70487.73], [96662.81, 84433.58, 77041.12, 84159.19, 110933.04, 63600.9, 109203.54, 76265.16, 55486.89, 65886.63, 87233.09, 38428.23, 19872.7, 0.0, 13620.11, 30168.45, 34858.67, 21712.14, 32439.85, 15651.37, 17552.79, 50877.41, 47116.66, 17175.33, 25189.22, 21800.68, 38958.02, 17135.02, 88599.04, 49297.28, 31583.62, 73212.48, 120080.04, 105462.61, 31383.86, 37990.75, 68031.95, 89550.81, 115359.61, 37736.37, 124579.0, 38788.23, 79631.18, 138087.44, 148959.56, 123825.08, 121721.22, 186828.74, 172981.7, 162589.81, 128769.68, 158088.32, 184060.86, 172696.87, 150660.64, 144860.27, 148996.98, 175564.26, 171275.1, 129420.11, 161083.58, 139425.23, 177915.98, 116634.64, 120986.59, 179972.84, 145098.02, 97665.15, 128606.89, 159013.06, 106430.29, 117130.36, 136188.85, 150404.04, 92868.45, 85148.87, 119315.66, 110324.42, 149520.22, 122179.23, 110924.81, 87730.59, 140676.64, 84119.31, 56518.46, 93940.84, 81047.09, 107100.75, 130966.37, 101852.66, 78670.13, 66774.83, 81279.46, 81722.0, 63471.03, 57058.62], [102121.05, 81917.21, 81927.31, 86265.64, 111013.56, 60950.12, 112372.3, 69561.77, 46989.8, 55547.97, 81545.74, 43598.62, 29331.83, 13620.11, 0.0, 26856.05, 34532.6, 22016.64, 40994.57, 12749.28, 18335.56, 59036.83, 47506.83, 28160.34, 14510.98, 12424.61, 47372.97, 23743.69, 75850.13, 36652.15, 19046.57, 59779.44, 107208.75, 92590.5, 27085.13, 27833.99, 56142.09, 77126.8, 102658.9, 31037.22, 112436.19, 25550.27, 66245.61, 124637.4, 135524.29, 110263.31, 108480.87, 173644.44, 159497.66, 149151.81, 116046.59, 144932.62, 170672.28, 159510.5, 137328.46, 131884.65, 135471.38, 162152.34, 157847.09, 119741.04, 153269.77, 128432.45, 170359.5, 109900.45, 112209.02, 171173.48, 135216.26, 88054.2, 122052.4, 150032.24, 98844.68, 105361.93, 128460.15, 139821.93, 81469.85, 71535.31, 105837.55, 96873.65, 135905.39, 108560.91, 97838.06, 75275.38, 127552.35, 70827.45, 44343.71, 80526.53, 72081.33, 93624.03, 117404.64, 88238.63, 67683.53, 53946.38, 67785.35, 68671.02, 50459.64, 43491.04], [126653.46, 108652.57, 106829.21, 112584.75, 137827.13, 87727.55, 138322.91, 94589.12, 71097.22, 76855.39, 107093.73, 68098.06, 25960.09, 30168.45, 26856.05, 0.0, 61172.0, 48202.34, 30020.83, 39225.65, 13006.05, 81004.67, 74120.61, 46978.95, 39386.69, 16209.99, 69093.93, 46842.82, 70059.03, 53881.22, 39896.07, 60773.62, 100982.74, 86824.2, 53881.66, 51418.77, 47376.93, 69458.2, 95529.97, 57081.59, 102275.34, 31157.38, 66127.89, 122943.9, 133424.13, 110777.97, 104957.65, 168536.33, 157682.29, 146859.96, 108712.68, 139954.56, 167513.93, 154579.92, 134040.84, 125806.81, 134696.0, 159363.29, 155307.45, 140497.65, 176353.11, 146399.02, 193641.59, 134408.72, 134445.72, 192841.34, 155421.28, 109474.99, 146618.35, 171583.85, 122668.71, 121665.72, 151824.95, 158577.12, 99484.08, 75438.04, 112987.42, 104665.51, 139179.65, 111263.45, 108722.49, 90199.96, 137418.76, 81395.57, 62300.31, 89415.22, 94813.45, 93195.46, 122849.92, 91287.08, 87191.13, 68565.96, 76422.83, 81063.94, 48555.15, 53260.71], [69884.16, 49634.41, 49537.1, 51835.89, 76765.62, 28995.49, 78198.41, 45612.4, 31648.63, 45563.69, 54619.3, 16749.82, 54075.02, 34858.67, 34532.6, 61172.0, 0.0, 13304.98, 66524.87, 21946.35, 50619.5, 35107.3, 12974.34, 28565.22, 26841.02, 46699.96, 27504.14, 20248.2, 98722.73, 43118.48, 33232.14, 78816.81, 128111.12, 114015.79, 10953.2, 26832.4, 83419.33, 101409.91, 124653.3, 16745.47, 136607.85, 51389.01, 85261.56, 140009.41, 150806.6, 124087.17, 126688.52, 190851.27, 173527.42, 164081.73, 137522.62, 162887.14, 185845.55, 176929.56, 153807.92, 151455.29, 149295.54, 177177.45, 172738.86, 102735.58, 130123.87, 116304.97, 146428.63, 84699.29, 92446.55, 150528.84, 118563.24, 72004.22, 96265.66, 130171.66, 76020.59, 97772.5, 105400.97, 125706.1, 73383.84, 85611.38, 112000.06, 103022.9, 144973.76, 120012.37, 99596.49, 73710.54, 128414.23, 76721.68, 45746.41, 87169.72, 54813.67, 109771.75, 124874.07, 101122.93, 58896.84, 57711.01, 76836.65, 72327.74, 73792.21, 57481.97], [80364.68, 62734.28, 60085.45, 64408.75, 89990.78, 41889.53, 90381.8, 55881.52, 37565.6, 50119.52, 66138.43, 22460.59, 41266.05, 21712.14, 22016.64, 48202.34, 13304.98, 0.0, 53810.41, 9287.56, 37349.79, 39700.0, 26042.68, 19504.86, 18499.74, 34419.71, 29117.59, 10211.31, 91978.31, 40696.38, 26313.92, 73281.18, 122424.97, 108008.66, 11528.36, 25041.46, 74692.7, 94114.76, 118492.52, 19400.29, 129598.6, 42447.42, 79860.21, 136645.54, 147544.85, 121216.25, 122090.52, 186981.69, 170880.73, 161030.69, 131656.63, 158603.42, 182787.61, 172923.49, 150080.41, 146452.95, 146607.56, 174145.88, 169742.46, 111264.79, 140890.29, 123196.69, 157492.39, 95907.5, 101860.78, 160556.42, 127085.99, 79808.07, 107727.61, 139860.27, 86350.86, 102798.22, 116030.2, 133379.9, 78176.0, 82135.06, 111985.7, 102899.24, 144129.12, 118034.89, 101107.04, 75989.51, 130589.95, 76196.57, 45597.35, 86592.96, 62704.72, 105841.6, 124490.1, 98365.85, 63553.98, 57344.4, 75097.89, 72546.07, 66486.54, 53163.08], [120099.46, 116089.37, 102141.42, 112428.39, 140633.82, 95509.64, 135646.54, 108650.13, 87292.99, 96531.23, 119667.34, 65919.11, 12576.14, 32439.85, 40994.57, 30020.83, 66524.87, 53810.41, 0.0, 47964.82, 24852.0, 72414.62, 77958.06, 41135.93, 55352.79, 38632.56, 61697.19, 46809.6, 100029.98, 76720.18, 59696.18, 90288.35, 130769.74, 116726.17, 63822.63, 68697.75, 77288.2, 99261.22, 125216.36, 69966.52, 131219.99, 58131.37, 95871.3, 152963.58, 163442.49, 140669.18, 134958.41, 198272.08, 187698.65, 176869.13, 138284.83, 169770.33, 197463.99, 184369.05, 164017.89, 155512.37, 164701.98, 189343.79, 185302.94, 160670.66, 193324.79, 169295.09, 210230.54, 149049.95, 152811.76, 211825.57, 176187.34, 128944.23, 161039.05, 190754.79, 138690.89, 145795.07, 168438.76, 180786.79, 122230.8, 104562.92, 141561.58, 132977.87, 168789.02, 140876.35, 135862.35, 115057.79, 165151.23, 108410.56, 84800.53, 117204.23, 112711.94, 123119.32, 151950.8, 120733.7, 108624.5, 93337.43, 104143.0, 107224.34, 78309.11, 80016.14], [89588.82, 70384.78, 69335.05, 73550.46, 98656.25, 49388.24, 99623.39, 60685.42, 39932.11, 50882.4, 71877.66, 31351.73, 35443.04, 15651.37, 12749.28, 39225.65, 21946.35, 9287.56, 47964.82, 0.0, 29033.79, 47790.74, 34901.23, 21316.64, 12551.24, 25135.69, 36568.4, 13762.01, 84551.15, 37047.11, 20448.34, 66685.67, 115415.9, 100888.78, 16048.85, 23433.06, 66378.68, 86392.66, 111247.54, 22085.0, 121891.02, 34358.9, 73271.79, 130883.61, 141802.02, 115819.35, 115680.68, 180788.22, 165427.91, 155367.97, 124520.65, 152244.14, 177064.86, 166683.67, 144059.83, 139732.67, 141206.79, 168458.96, 164087.36, 113964.87, 145441.91, 124503.49, 162294.68, 101094.1, 105372.76, 164344.74, 129685.11, 82235.51, 113106.77, 143408.09, 90789.95, 102852.27, 120547.91, 135249.56, 78372.49, 76680.2, 108451.3, 99368.92, 139872.68, 113203.31, 98689.38, 74439.64, 128400.74, 72730.38, 43279.28, 82940.14, 65500.73, 99904.6, 120629.53, 93193.61, 63955.31, 54414.01, 70848.43, 69645.23, 58958.94, 47698.09], [114214.31, 99405.21, 94576.12, 101223.66, 127337.03, 78403.52, 126560.78, 87896.5, 65225.62, 73073.73, 99826.21, 55913.95, 16060.84, 17552.79, 18335.56, 13006.05, 50619.5, 37349.79, 24852.0, 29033.79, 0.0, 68160.38, 63374.94, 34049.79, 32675.55, 13821.85, 56270.48, 34586.21, 78954.37, 52163.96, 35685.39, 66853.06, 110352.57, 95915.52, 44743.15, 45827.81, 56863.63, 79005.46, 105165.75, 49302.64, 112923.93, 33576.95, 72782.15, 130817.45, 141504.13, 117715.7, 113398.09, 177819.46, 165751.67, 155068.18, 118505.3, 149100.41, 176108.1, 163761.08, 142561.56, 135269.16, 142278.62, 167798.48, 163637.75, 137320.13, 171460.28, 145042.3, 188588.85, 128232.14, 130188.38, 189070.45, 152647.1, 105762.78, 140386.83, 167881.32, 117113.95, 121205.99, 146683.18, 156757.01, 97916.23, 80588.73, 117109.17, 108430.05, 145149.84, 117311.9, 111046.4, 90299.8, 140402.19, 83605.45, 60376.29, 92523.23, 90102.68, 100358.67, 127799.17, 97012.85, 84638.17, 68550.12, 79474.36, 82372.37, 55450.87, 55237.02], [47685.95, 61327.94, 30575.22, 44834.83, 74452.97, 48163.7, 64278.07, 71526.65, 65010.67, 79133.87, 75627.97, 18444.5, 62707.1, 50877.41, 59036.83, 81004.67, 35107.3, 39700.0, 72414.62, 47790.74, 68160.38, 0.0, 31723.24, 34177.5, 58143.65, 70916.31, 11920.77, 35330.58, 131650.27, 77983.27, 65776.88, 112621.0, 161900.9, 147560.38, 45333.36, 61609.6, 114157.82, 133814.08, 158090.08, 51852.69, 169298.42, 82021.19, 119167.33, 174905.77, 185737.11, 159081.36, 161111.37, 225628.03, 208584.33, 199067.22, 171193.07, 197487.56, 220839.42, 211649.74, 188608.73, 185693.69, 184337.04, 212172.97, 207739.25, 129130.22, 149563.89, 145369.91, 164321.07, 104356.37, 117191.04, 171941.74, 144550.94, 100867.6, 114253.04, 153020.53, 99141.04, 129623.8, 126137.05, 153246.11, 105946.65, 120396.37, 146919.09, 137985.07, 180012.16, 155111.17, 134037.1, 107996.92, 162345.63, 111795.33, 80848.9, 122232.84, 84449.2, 144452.98, 159852.36, 136114.27, 91953.07, 92804.16, 111926.31, 107308.19, 106183.54, 91835.58], [58485.93, 38491.43, 38381.86, 38955.62, 63966.19, 19373.06, 65469.04, 40689.76, 34071.31, 48036.81, 47085.58, 17031.78, 65719.85, 47116.66, 47506.83, 74120.61, 12974.34, 26042.68, 77958.06, 34901.23, 63374.94, 31723.24, 0.0, 37996.48, 39077.66, 59651.25, 28587.32, 31148.82, 108879.95, 51623.9, 44689.69, 88390.51, 137351.55, 123568.84, 22470.54, 36237.66, 94870.02, 111899.68, 134248.11, 25265.75, 146727.43, 63255.88, 94661.33, 147421.16, 158073.89, 131217.72, 135140.44, 198437.92, 180180.29, 171110.92, 146842.52, 170906.34, 192789.39, 184674.04, 161431.69, 160075.57, 156104.58, 184133.29, 179684.34, 98680.21, 122765.36, 114079.57, 138547.83, 77069.84, 87367.09, 144098.22, 114333.95, 69478.75, 88088.02, 124323.05, 69914.83, 97900.98, 98433.14, 122455.74, 74310.76, 93638.35, 116840.62, 108074.05, 150247.12, 126450.18, 103219.82, 77156.45, 131049.15, 82587.18, 52454.43, 92863.24, 52831.42, 117852.79, 129905.43, 108389.32, 60498.71, 64018.49, 83688.2, 77672.55, 84530.88, 66678.16], [80985.21, 76486.47, 61988.83, 71318.69, 99553.0, 56764.45, 95057.86, 73996.69, 56998.75, 69610.89, 83159.65, 24783.54, 29815.57, 17175.33, 28160.34, 46978.95, 28565.22, 19504.86, 41135.93, 21316.64, 34049.79, 34177.5, 37996.48, 0.0, 33866.4, 38573.42, 22366.3, 9301.93, 103942.84, 58257.13, 41711.45, 87151.38, 135214.4, 120608.3, 30955.66, 43694.75, 84218.24, 105285.1, 130751.44, 38898.92, 140589.11, 53499.72, 93702.26, 151736.95, 162652.72, 136872.48, 136100.58, 201282.68, 186410.24, 176249.96, 144123.58, 172634.68, 197893.66, 187156.11, 164729.95, 159794.68, 162232.19, 189315.69, 184965.82, 130364.23, 158682.46, 142660.32, 174989.08, 113258.57, 120572.85, 178943.33, 146201.83, 99074.03, 124781.55, 158452.68, 104478.71, 122259.03, 133939.49, 152730.43, 97640.21, 97775.54, 129729.76, 120643.15, 161180.88, 134437.58, 119661.62, 94962.35, 149301.22, 93976.22, 64087.68, 104222.81, 81906.73, 120709.52, 141941.53, 114356.41, 83028.58, 75494.8, 92165.06, 90748.81, 78459.19, 68878.83], [96709.67, 69895.16, 76353.65, 77843.9, 100505.27, 49264.6, 104494.2, 55476.17, 32550.24, 41223.16, 67774.67, 40460.19, 43393.25, 25189.22, 14510.98, 39386.69, 26841.02, 18499.74, 55352.79, 12551.24, 32675.55, 58143.65, 39077.66, 33866.4, 0.0, 23270.76, 47591.72, 26020.69, 73506.73, 24694.08, 8005.37, 54847.36, 103933.77, 89509.44, 16655.05, 13351.37, 56831.02, 75732.97, 99994.18, 17823.82, 111187.7, 24626.38, 61433.47, 118624.87, 129539.33, 103429.98, 103744.38, 168743.22, 153070.03, 143078.64, 113157.82, 140287.54, 164802.97, 154661.28, 131918.64, 128016.41, 128827.3, 156181.66, 151797.31, 105318.73, 138800.77, 114474.55, 155915.94, 95669.35, 97698.48, 156667.43, 120842.95, 73602.24, 107848.94, 135533.41, 84442.03, 91947.6, 114011.15, 125673.7, 67742.07, 64283.29, 95951.1, 86874.37, 127322.25, 100693.34, 86477.12, 62695.34, 116224.79, 60274.21, 31439.94, 70439.39, 57570.39, 87705.97, 108090.65, 80736.24, 53672.43, 42170.66, 58299.71, 57343.64, 48066.18, 35262.12], [114523.85, 92925.46, 94345.59, 98519.04, 122780.82, 72106.31, 124719.93, 78379.68, 54920.35, 61188.4, 90896.21, 55944.72, 29408.99, 21800.68, 12424.61, 16209.99, 46699.96, 34419.71, 38632.56, 25135.69, 13821.85, 70916.31, 59651.25, 38573.42, 23270.76, 0.0, 59115.83, 35611.54, 67479.76, 39088.03, 23878.85, 53804.33, 99011.95, 84435.76, 38449.12, 35233.74, 46364.47, 68115.8, 94103.88, 41056.04, 102923.49, 19891.01, 59936.52, 118306.28, 129084.7, 104764.16, 101312.82, 166165.07, 153271.67, 142694.07, 107511.79, 137405.7, 163941.65, 152055.35, 130422.62, 123888.92, 129576.2, 155541.96, 151321.96, 125192.14, 160457.17, 132064.23, 177710.58, 118244.0, 118713.78, 177326.33, 140316.69, 93907.92, 130451.76, 156083.51, 106589.11, 107892.16, 135852.13, 143978.51, 84956.09, 67125.96, 103367.46, 94655.31, 131774.93, 104011.29, 97235.26, 76785.58, 126580.38, 69789.4, 47439.36, 78711.76, 78893.56, 87580.47, 114183.75, 83661.53, 72090.72, 55009.29, 65667.83, 68624.94, 42971.14, 41415.34], [58822.79, 63769.02, 40446.24, 52175.67, 81508.25, 47376.74, 74033.14, 69237.61, 58958.81, 72985.71, 75326.76, 11765.05, 51426.64, 38958.02, 47372.97, 69093.93, 27504.14, 29117.59, 61697.19, 36568.4, 56270.48, 11920.77, 28587.32, 22366.3, 47591.72, 59115.83, 0.0, 23629.52, 120945.61, 68893.66, 55430.58, 102398.43, 151524.4, 137084.29, 36486.72, 52613.85, 102893.67, 122916.68, 147537.98, 43781.48, 158419.49, 70924.69, 108976.6, 165511.27, 176390.92, 149912.89, 151176.9, 215991.6, 199543.21, 189823.69, 160734.1, 187668.48, 211595.74, 201952.46, 179045.01, 175569.32, 175266.35, 202941.08, 198523.94, 127230.36, 150651.9, 142222.42, 166058.15, 105016.47, 115949.71, 172357.6, 142907.18, 97624.55, 115628.41, 152775.84, 98409.12, 124814.1, 126585.58, 150898.52, 100606.55, 110953.88, 139155.53, 130130.65, 171885.25, 146365.03, 127048.29, 101203.41, 155918.19, 103625.88, 72604.28, 114087.32, 80687.4, 134812.49, 151930.5, 126985.49, 86226.9, 84584.15, 103209.98, 99461.48, 95388.33, 82097.94], [79814.51, 69388.82, 60023.31, 67146.21, 94366.87, 49091.88, 92069.13, 65158.17, 47705.23, 60329.76, 74757.74, 21328.21, 34610.99, 17135.02, 23743.69, 46842.82, 20248.2, 10211.31, 46809.6, 13762.01, 34586.21, 35330.58, 31148.82, 9301.93, 26020.69, 35611.54, 23629.52, 0.0, 98162.43, 49827.72, 34017.05, 80447.4, 129123.2, 114577.97, 21657.45, 34766.83, 79470.9, 99874.09, 124899.23, 29598.0, 135345.98, 47791.31, 87033.2, 144591.72, 155509.06, 129448.67, 129442.67, 194546.61, 179082.95, 169063.53, 138196.58, 166006.11, 190773.57, 180443.5, 157803.67, 153478.06, 154844.82, 182160.65, 177782.87, 121186.66, 150032.04, 133362.79, 166467.68, 104764.2, 111539.73, 170052.97, 137019.93, 89833.89, 116419.03, 149475.47, 95666.04, 112999.97, 125230.98, 143465.87, 88378.48, 90301.83, 121322.16, 112230.09, 153117.81, 126662.9, 110864.04, 85954.61, 140435.45, 85523.73, 55276.22, 95849.8, 72684.63, 113631.23, 133679.04, 106750.87, 73759.67, 66851.08, 84034.27, 82099.13, 72568.39, 61282.8], [167228.93, 126338.78, 147257.84, 144358.23, 159726.77, 110565.84, 170748.48, 100781.62, 81979.39, 74785.06, 113234.1, 113806.88, 94792.01, 88599.04, 75850.13, 70059.03, 98722.73, 91978.31, 100029.98, 84551.15, 78954.37, 131650.27, 108879.95, 103942.84, 73506.73, 67479.76, 120945.61, 98162.43, 0.0, 57992.94, 65966.02, 21221.39, 31532.32, 16977.84, 87769.86, 72643.49, 22800.7, 5286.32, 26809.93, 83614.68, 37891.64, 50478.19, 16297.16, 53385.72, 63585.46, 43492.15, 34977.81, 98867.42, 87781.06, 76899.19, 40198.8, 70147.17, 97456.84, 84807.32, 63987.95, 56419.43, 65416.29, 89313.85, 85285.2, 116926.95, 158006.04, 112211.2, 174712.52, 128828.63, 117853.04, 166783.16, 127595.02, 95145.99, 139533.45, 147022.52, 115602.24, 86871.55, 137661.35, 125309.9, 76508.4, 26451.04, 56681.13, 51721.82, 73427.58, 46916.29, 62235.96, 61748.32, 83132.47, 45696.59, 60348.55, 44799.81, 90241.81, 26549.2, 61678.34, 31647.93, 74101.84, 52953.45, 39032.81, 50496.89, 25595.45, 42724.56], [109518.05, 70134.15, 89790.97, 86382.75, 103291.39, 52843.37, 112855.67, 47598.01, 25204.95, 24313.98, 60843.46, 59543.74, 65737.58, 49297.28, 36652.15, 53881.22, 43118.48, 40696.38, 76720.18, 37047.11, 52163.96, 77983.27, 51623.9, 58257.13, 24694.08, 39088.03, 68893.66, 49827.72, 57992.94, 0.0, 17729.62, 37041.27, 85733.73, 72053.82, 32656.58, 16374.94, 48045.38, 61522.5, 82734.23, 26697.77, 95570.96, 24716.63, 43149.84, 96930.67, 107754.5, 81118.69, 83708.06, 147735.02, 130693.02, 121092.68, 95232.09, 119793.56, 142867.24, 133811.61, 110693.64, 108574.66, 106423.85, 134202.44, 129772.23, 86681.64, 123543.71, 92981.97, 140919.61, 84067.82, 81276.96, 139160.61, 101540.36, 56056.06, 96128.14, 117905.31, 71411.15, 69077.36, 99479.27, 104908.23, 45868.09, 42493.2, 71505.67, 62414.48, 103433.93, 77488.96, 61799.36, 38625.06, 91555.21, 35724.03, 8419.16, 46022.58, 42946.13, 66668.53, 83864.88, 58158.18, 33332.73, 17511.46, 34418.62, 32649.65, 35582.01, 15281.72], [102949.89, 72377.23, 82652.08, 82853.38, 104030.43, 52397.27, 109616.19, 55121.16, 31380.73, 37473.8, 67958.26, 47840.91, 48326.61, 31583.62, 19046.57, 39896.07, 33232.14, 26313.92, 59696.18, 20448.34, 35685.39, 65776.88, 44689.69, 41711.45, 8005.37, 23878.85, 55430.58, 34017.05, 65966.02, 17729.62, 0.0, 46967.96, 96154.35, 81784.96, 22418.23, 11990.01, 50251.8, 68389.35, 92315.78, 20822.88, 103757.49, 18703.91, 53546.31, 110620.71, 121534.84, 95431.68, 95803.39, 160767.95, 145067.93, 135073.3, 105422.22, 132335.15, 156798.26, 146691.75, 123927.37, 120139.07, 120827.81, 148176.5, 143791.96, 101672.95, 136578.99, 109599.34, 153832.21, 94580.82, 94887.81, 153605.02, 116965.17, 70207.96, 106791.06, 132380.92, 82772.66, 86329.87, 111978.38, 121160.02, 62546.32, 56284.88, 88351.89, 79294.4, 119484.82, 92755.35, 79382.43, 56294.99, 109142.01, 52812.9, 25297.68, 62857.53, 55015.81, 79708.86, 100369.88, 72758.63, 48998.7, 35191.21, 50543.8, 50182.09, 40708.74, 27271.13], [146525.8, 105158.55, 126700.97, 123282.49, 138547.47, 89392.61, 149603.61, 79846.87, 60761.19, 53854.96, 92475.31, 94459.41, 82892.49, 73212.48, 59779.44, 60773.62, 78816.81, 73281.18, 90288.35, 66685.67, 66853.06, 112621.0, 88390.51, 87151.38, 54847.36, 53804.33, 102398.43, 80447.4, 21221.39, 37041.27, 46967.96, 0.0, 49328.43, 35223.61, 67915.84, 52274.49, 22301.04, 25359.2, 45888.38, 63170.63, 58531.36, 34497.09, 6589.65, 64874.97, 75751.09, 50960.33, 49001.08, 114152.69, 99781.63, 89380.54, 58710.13, 85563.96, 110895.81, 100034.31, 77603.54, 73173.1, 75885.19, 102373.01, 98071.18, 101082.64, 141692.54, 99441.41, 158755.77, 109620.64, 100384.66, 152536.22, 113179.87, 76545.34, 120740.8, 132072.32, 96351.68, 73470.39, 120114.68, 112541.53, 58954.87, 15303.8, 53239.2, 45688.86, 78500.67, 50589.98, 52800.9, 44695.06, 78965.29, 29519.77, 39128.63, 32995.56, 69999.02, 33911.13, 62238.84, 30513.57, 54384.04, 32277.69, 22563.6, 32988.07, 12577.24, 21777.28], [195052.68, 150090.28, 175489.36, 170829.5, 183132.16, 136547.43, 196609.85, 123173.87, 107637.16, 97936.6, 134517.25, 143780.0, 126092.71, 120080.04, 107208.75, 100982.74, 128111.12, 122424.97, 130769.74, 115415.9, 110352.57, 161900.9, 137351.55, 135214.4, 103933.77, 99011.95, 151524.4, 129123.2, 31532.32, 85733.73, 96154.35, 49328.43, 0.0, 14621.08, 117228.88, 101452.91, 53654.37, 31524.98, 6151.86, 112257.76, 16585.09, 81718.19, 42849.84, 27719.62, 35679.02, 27838.43, 11103.62, 67560.59, 58795.49, 47847.01, 9532.65, 39004.15, 67110.11, 53603.12, 34421.31, 24917.92, 39517.05, 59383.61, 55674.16, 126033.41, 166606.26, 116069.47, 182184.13, 144799.49, 130158.96, 171114.81, 133559.39, 110922.25, 154162.48, 153253.84, 132079.4, 93674.29, 149443.22, 128464.9, 91402.07, 45264.37, 53430.73, 53588.05, 54126.4, 36117.84, 66339.84, 77295.21, 76106.55, 62608.13, 86158.87, 56407.18, 110360.65, 24008.88, 51213.53, 36436.94, 93620.97, 76365.86, 57884.87, 68362.26, 56760.71, 70742.45], [181557.93, 138055.66, 161831.76, 157807.23, 171305.32, 123641.93, 183849.95, 111563.63, 94753.03, 85894.94, 123387.16, 129515.17, 111724.11, 105462.61, 92590.5, 86824.2, 114015.79, 108008.66, 116726.17, 100888.78, 95915.52, 147560.38, 123568.84, 120608.3, 89509.44, 84435.76, 137084.29, 114577.97, 16977.84, 72053.82, 81784.96, 35223.61, 14621.08, 0.0, 103098.27, 87495.3, 39449.12, 17654.85, 10681.41, 98376.51, 24480.61, 67109.25, 28912.67, 37957.06, 47574.99, 31441.09, 19068.14, 81904.82, 71542.68, 60593.64, 23649.83, 53205.31, 80763.79, 67860.79, 47449.17, 39453.17, 50141.5, 72747.05, 68817.63, 119912.87, 160942.29, 112201.52, 177083.02, 135866.77, 122686.42, 167381.15, 128884.62, 101850.9, 145836.01, 148579.45, 122869.79, 88222.26, 142309.14, 125022.43, 82479.34, 33553.08, 51642.78, 49316.29, 61011.37, 37407.56, 61517.65, 67882.8, 76863.61, 52316.67, 73103.36, 47967.1, 99551.92, 18693.02, 53090.55, 29491.08, 82898.65, 64025.54, 46736.46, 57866.35, 42149.81, 56892.35], [80536.63, 54836.81, 60233.87, 61190.39, 84365.98, 33865.1, 87841.84, 44970.41, 26050.97, 38860.23, 55876.53, 26904.18, 51256.24, 31383.86, 27085.13, 53881.66, 10953.2, 11528.36, 63822.63, 16048.85, 44743.15, 45333.36, 22470.54, 30955.66, 16655.05, 38449.12, 36486.72, 21657.45, 87769.86, 32656.58, 22418.23, 67915.84, 117228.88, 103098.27, 0.0, 16281.95, 72667.91, 90465.7, 113728.39, 8043.51, 125654.66, 40831.5, 74380.78, 129572.41, 140405.66, 113771.99, 115963.24, 180316.63, 163322.01, 153749.08, 126625.94, 152246.25, 175523.41, 166356.72, 143288.43, 140675.19, 139060.04, 166858.32, 162427.39, 99772.54, 129933.97, 111705.39, 146666.36, 85273.27, 90510.11, 149309.98, 115587.29, 68285.12, 97226.41, 128537.32, 75307.76, 91581.37, 105046.08, 121852.39, 66968.5, 75072.1, 102744.44, 93700.2, 135399.82, 109977.66, 91086.6, 65570.24, 120330.06, 67148.87, 36143.31, 77609.02, 51198.16, 99165.75, 115472.47, 90808.23, 52334.2, 48112.26, 66790.85, 63072.58, 62862.67, 46691.89], [94655.19, 60712.84, 74618.57, 72970.72, 92795.57, 41183.09, 99717.15, 43253.63, 19688.21, 27962.67, 56006.85, 43172.21, 56678.41, 37990.75, 27833.99, 51418.77, 26832.4, 25041.46, 68697.75, 23433.06, 45827.81, 61609.6, 36237.66, 43694.75, 13351.37, 35233.74, 52613.85, 34766.83, 72643.49, 16374.94, 11990.01, 52274.49, 101452.91, 87495.3, 16281.95, 0.0, 59477.17, 75690.59, 98162.84, 10977.96, 110500.5, 29622.07, 58635.88, 113299.09, 124127.51, 97490.6, 99859.92, 164073.28, 147049.56, 137467.15, 110901.93, 136061.79, 159241.46, 150130.29, 127037.82, 124647.47, 122784.6, 150576.39, 146145.59, 91973.21, 125662.86, 101434.59, 142830.22, 83014.27, 84398.98, 143345.07, 107514.75, 60251.44, 95220.7, 122198.57, 71481.04, 79434.68, 100927.22, 112481.67, 55002.42, 58823.0, 87019.23, 77941.58, 119401.32, 93757.94, 76112.07, 51274.76, 105668.78, 51270.88, 20557.9, 61704.34, 44286.0, 82954.66, 99611.56, 74527.63, 40695.35, 32335.18, 50596.38, 47511.0, 48474.09, 30724.91], [153201.62, 118136.26, 132900.17, 132440.47, 151168.77, 100095.44, 159193.43, 95076.63, 73247.68, 69852.75, 108206.55, 97090.35, 72478.32, 68031.95, 56142.09, 47376.93, 83419.33, 74692.7, 77288.2, 66378.68, 56863.63, 114157.82, 94870.02, 84218.24, 56831.02, 46364.47, 102893.67, 79470.9, 22800.7, 48045.38, 50251.8, 22301.04, 53654.37, 39449.12, 72667.91, 59477.17, 0.0, 22172.3, 48333.29, 70174.56, 56561.08, 32272.87, 24166.03, 76109.65, 86378.01, 65262.03, 57778.49, 121213.3, 110581.42, 99698.89, 61647.08, 92591.44, 120176.62, 107227.18, 86753.48, 78533.2, 88072.21, 112079.93, 108071.42, 122528.48, 162745.13, 121662.09, 179940.78, 128391.1, 120932.8, 174382.0, 135067.12, 96390.25, 139936.55, 153744.52, 115198.42, 95673.55, 140476.8, 134743.4, 79901.28, 36707.39, 73584.34, 66807.62, 94792.51, 67359.16, 74843.43, 66168.45, 99872.03, 51593.54, 53290.07, 55187.17, 87592.31, 47731.11, 80944.09, 49077.81, 73323.89, 50321.69, 44719.58, 54530.11, 13385.18, 34717.7], [170345.78, 130462.36, 150274.24, 147884.27, 163847.53, 114288.03, 174377.35, 105188.18, 85885.55, 79189.2, 117754.17, 116164.66, 94650.53, 89550.81, 77126.8, 69458.2, 101409.91, 94114.76, 99261.22, 86392.66, 79005.46, 133814.08, 111899.68, 105285.1, 75732.97, 68115.8, 122916.68, 99874.09, 5286.32, 61522.5, 68389.35, 25359.2, 31524.98, 17654.85, 90465.7, 75690.59, 22172.3, 0.0, 26164.43, 86666.52, 35502.83, 52083.08, 21069.69, 55341.46, 65177.35, 46710.8, 36566.31, 99079.89, 89193.07, 78246.93, 39506.31, 70512.6, 98342.87, 85126.14, 65094.4, 56371.48, 67490.01, 90376.94, 86466.24, 122196.83, 163268.77, 117471.61, 179987.3, 133818.52, 123043.22, 172065.23, 132880.74, 100207.99, 144593.06, 152308.61, 120578.4, 92153.34, 142852.74, 130565.66, 81661.87, 31700.68, 61433.69, 56745.0, 76713.51, 50815.28, 67420.68, 66918.07, 87807.83, 50879.22, 64363.11, 50085.05, 94965.5, 30401.4, 65876.16, 36525.81, 78949.54, 57476.55, 44162.59, 55600.3, 27685.72, 46345.83], [192234.82, 148421.06, 172513.17, 168425.61, 181614.43, 134232.49, 194419.77, 121774.12, 105330.37, 96232.99, 133427.11, 140089.97, 120810.24, 115359.61, 102658.9, 95529.97, 124653.3, 118492.52, 125216.36, 111247.54, 105165.75, 158090.08, 134248.11, 130751.44, 99994.18, 94103.88, 147537.98, 124899.23, 26809.93, 82734.23, 92315.78, 45888.38, 6151.86, 10681.41, 113728.39, 98162.84, 48333.29, 26164.43, 0.0, 109050.85, 14844.46, 77275.53, 39594.01, 33690.04, 41828.41, 32148.86, 16044.94, 73057.53, 64899.82, 53960.89, 13412.29, 44693.71, 73013.92, 59206.27, 40521.67, 30296.01, 45586.01, 65381.68, 61723.54, 127489.16, 168304.14, 118441.49, 184132.36, 144946.43, 131007.96, 173607.21, 135636.07, 110960.12, 154623.45, 155353.78, 132071.0, 95352.5, 150470.88, 131022.78, 91480.49, 43645.23, 56329.62, 55548.87, 59609.4, 39858.74, 68170.79, 77086.98, 80009.84, 61883.02, 83706.32, 56587.44, 109443.82, 24913.97, 55326.67, 37064.32, 92733.06, 74434.67, 56660.04, 67545.97, 52349.51, 67572.72], [83679.85, 52145.26, 63643.88, 62318.1, 83289.65, 31735.68, 89090.66, 38801.62, 18263.04, 30819.41, 50523.6, 33470.14, 57488.08, 37736.37, 31037.22, 57081.59, 16745.47, 19400.29, 69966.52, 22085.0, 49302.64, 51852.69, 25265.75, 38898.92, 17823.82, 41056.04, 43781.48, 29598.0, 83614.68, 26697.77, 20822.88, 63170.63, 112257.76, 98376.51, 8043.51, 10977.96, 70174.56, 86666.52, 109050.85, 0.0, 121462.93, 39446.05, 69487.5, 123398.22, 134170.34, 107415.27, 110405.8, 174300.15, 156810.02, 147408.56, 121726.75, 146455.7, 169164.89, 160417.14, 137253.61, 135264.37, 132589.09, 160496.64, 156055.55, 92266.81, 123375.28, 103809.86, 140264.36, 79241.6, 83363.63, 142300.55, 108050.78, 60654.15, 91325.07, 121407.79, 68729.67, 83540.03, 98483.79, 114090.59, 58925.82, 69122.34, 95401.84, 86396.03, 128279.44, 103271.32, 83381.96, 57726.14, 112504.69, 60010.45, 29009.64, 70465.53, 43689.47, 93328.92, 108226.63, 84459.81, 44291.54, 40984.13, 60103.96, 55707.5, 59403.32, 41520.1], [205007.15, 162457.63, 185094.48, 181739.92, 195737.62, 147698.27, 207936.43, 136036.24, 118873.13, 110328.12, 147862.47, 151582.06, 128074.91, 124579.0, 112436.19, 102275.34, 136607.85, 129598.6, 131219.99, 121891.02, 112923.93, 169298.42, 146727.43, 140589.11, 111187.7, 102923.49, 158419.49, 135345.98, 37891.64, 95570.96, 103757.49, 58531.36, 16585.09, 24480.61, 125654.66, 110500.5, 56561.08, 35502.83, 14844.46, 121462.93, 0.0, 8756