{"number_units": 96, "Distance": [[0.0, 55986.63, 20364.34, 27535.93, 43943.24, 60049.2, 21823.04, 80602.44, 88153.09, 100200.67, 76442.69, 58676.54, 110216.16, 96665.05, 102113.67, 126644.12, 69896.44, 80358.09, 120065.66, 89598.16, 114206.16, 47707.59, 58480.61, 80973.18, 96703.14, 114518.37, 58844.99, 79789.3, 167222.04, 109528.17, 102946.58, 146517.37, 195034.23, 181559.45, 80603.97, 94649.82, 153166.92, 170339.62, 192227.78, 83738.46, 204958.84, 121300.6, 152663.79, 202927.53, 213274.86, 186513.3, 192076.37, 253824.06, 234193.58, 225824.51, 204581.13, 227088.28, 247176.13, 240390.31, 217134.34, 217063.84, 210610.54, 238584.8, 234187.08, 128420.92, 135373.38, 148397.34, 146697.76, 96125.75, 114984.21, 159187.79, 141624.92, 108337.07, 101899.22, 143936.87, 97169.71, 140366.15, 116313.06, 152569.39, 120804.48, 150508.78, 168652.65, 160527.9, 202097.53, 180775.1, 153226.73, 128222.59, 177788.53, 137166.29, 109065.05, 146789.79, 96231.69, 174494.73, 181731.17, 164184.56, 109822.94, 119772.66, 139446.74, 131670.88, 143011.91, 124751.7], [55986.63, 0.0, 44519.09, 28650.81, 33387.67, 20996.6, 48702.32, 27473.19, 44951.29, 52188.34, 20504.32, 53816.35, 103675.8, 84438.81, 81918.27, 108643.93, 49650.9, 62732.76, 116052.37, 70405.04, 99397.33, 61327.67, 38494.82, 76473.98, 69897.97, 92920.16, 63774.56, 69381.4, 126334.28, 70146.94, 72372.89, 105153.23, 150075.33, 138058.86, 54876.86, 60710.96, 118105.58, 130459.28, 148416.77, 52187.8, 162412.8, 90300.33, 110341.75, 153318.74, 163074.61, 136939.35, 145154.49, 203356.66, 182406.08, 174864.2, 159515.72, 178081.1, 195635.45, 190497.32, 167538.38, 169734.93, 159639.89, 187223.24, 182896.18, 73429.26, 88418.25, 92759.72, 102974.09, 43982.6, 60246.9, 111197.93, 87595.09, 52607.27, 53069.89, 93174.15, 41955.56, 84701.93, 65681.64, 97864.18, 66826.45, 104868.47, 116120.75, 108688.9, 149013.51, 130167.48, 99907.11, 76571.95, 122673.41, 88383.12, 66122.7, 96863.56, 42506.25, 127473.51, 128939.97, 115970.72, 58176.41, 74034.14, 92286.14, 82578.95, 105663.46, 84558.81], [20364.34, 44519.09, 0.0, 18300.17, 46183.52, 42715.48, 33730.25, 65276.82, 69486.11, 82241.95, 63798.04, 38723.63, 91631.37, 77042.23, 81918.05, 106818.05, 49546.21, 60076.57, 102106.08, 69342.58, 94566.32, 30593.45, 38372.52, 61975.47, 76344.1, 94337.84, 40466.34, 59997.65, 147247.3, 89796.98, 82645.65, 126688.69, 175466.86, 161829.52, 60298.28, 74609.49, 132862.28, 150264.47, 172502.25, 63699.0, 185042.46, 100953.03, 132913.97, 184337.14, 194824.82, 167987.23, 172872.86, 235337.47, 216249.31, 207587.53, 184999.42, 208245.28, 229093.71, 221758.52, 198486.69, 197855.7, 192432.22, 220456.9, 216045.44, 117840.48, 130673.19, 136694.15, 143770.73, 87957.77, 104740.06, 154088.04, 132114.18, 94403.87, 95751.98, 137030.27, 86397.17, 125921.03, 109313.13, 142307.91, 104831.37, 131283.87, 151348.91, 142968.48, 184893.01, 162608.98, 136461.1, 110920.11, 162272.5, 118781.57, 89833.2, 128646.18, 80622.12, 155394.0, 164474.5, 145419.35, 92835.9, 100884.41, 120630.5, 113437.79, 122848.02, 104947.91], [27535.93, 28650.81, 18300.17, 0.0, 29620.99, 34319.86, 26768.28, 53257.7, 63195.18, 74193.23, 48996.53, 46552.17, 100989.23, 84162.71, 86261.67, 112575.33, 51851.7, 64404.02, 112391.41, 73565.2, 101215.13, 44844.85, 38953.77, 71305.18, 77841.21, 98513.51, 52190.45, 67127.46, 144352.96, 86394.94, 82850.04, 123275.95, 170813.21, 157810.27, 61252.23, 72967.12, 132407.42, 147879.95, 168420.45, 62375.12, 181693.51, 101584.34, 129134.96, 177075.56, 187244.66, 160629.01, 167129.61, 227767.12, 207667.19, 199560.21, 180360.74, 201499.74, 220745.75, 214514.31, 191318.94, 192052.89, 184317.91, 212204.05, 207824.26, 101790.55, 112599.55, 121372.86, 125511.98, 70663.84, 88466.29, 136115.78, 115539.07, 80808.11, 77879.88, 119467.0, 70356.97, 112830.36, 91710.55, 126133.2, 93491.45, 125785.96, 141798.94, 133855.91, 175133.8, 154535.78, 126130.02, 101489.43, 150311.83, 111316.67, 84728.36, 120642.4, 68890.16, 149437.78, 154825.79, 138671.07, 82987.68, 94713.82, 114129.46, 105688.99, 121227.79, 101638.63], [43943.24, 33387.67, 46183.52, 29620.99, 0.0, 51640.57, 25319.85, 59978.55, 78195.6, 85407.46, 49674.08, 74833.76, 128809.35, 110936.21, 111010.86, 137816.84, 76781.25, 89986.23, 140595.66, 98672.74, 127327.58, 74462.62, 63965.45, 99538.65, 100504.5, 122774.15, 81521.17, 94350.76, 159720.95, 103302.82, 104025.1, 138540.8, 183116.24, 171307.22, 84416.6, 92791.79, 151136.23, 163843.08, 181608.98, 83337.82, 195691.7, 122418.88, 143713.68, 185119.34, 194554.31, 168864.98, 177844.92, 234493.69, 212872.0, 205882.79, 192510.13, 209984.28, 226190.01, 221972.8, 199260.69, 202214.13, 190749.39, 217935.78, 213676.06, 92188.88, 92564.95, 113299.0, 103031.95, 58023.17, 78857.8, 116405.74, 103355.97, 80113.09, 60979.94, 102676.37, 63279.13, 111242.04, 75771.35, 115061.17, 97014.62, 137996.94, 146632.14, 139767.98, 178713.23, 161693.5, 130000.5, 108266.04, 149957.19, 121013.44, 99497.22, 129024.72, 73852.28, 160233.09, 159095.84, 148508.28, 90279.23, 107319.56, 125251.76, 115189.56, 138862.63, 117874.56], [60049.2, 20996.6, 42715.48, 34319.86, 51640.57, 0.0, 60225.71, 23891.68, 28916.43, 40168.67, 27949.12, 36178.83, 83027.71, 63612.37, 60957.67, 87725.64, 29017.23, 41894.47, 95478.63, 49415.07, 78402.17, 48157.12, 19382.01, 56757.47, 49273.46, 72107.88, 47379.32, 49092.58, 110567.35, 52862.66, 52400.32, 89392.89, 136537.33, 123651.28, 33913.41, 41187.59, 100070.42, 114290.77, 134233.69, 31790.12, 147658.54, 70787.12, 95106.38, 143013.51, 153290.63, 126578.9, 132815.82, 193838.31, 174154.31, 165784.71, 146080.8, 167328.21, 187127.24, 180474.72, 157242.28, 157748.14, 150566.0, 178535.88, 174138.66, 80982.01, 103441.83, 97694.14, 119151.7, 57765.59, 69075.51, 124972.98, 96393.38, 53636.33, 68701.3, 105447.84, 51201.84, 84137.05, 79227.45, 105151.97, 62245.43, 91471.02, 108811.41, 100563.99, 142329.16, 120733.55, 93761.37, 68351.72, 119728.54, 77221.96, 50551.85, 86755.3, 38429.6, 115129.96, 121923.22, 104450.84, 50145.33, 60394.27, 79845.58, 71671.25, 88238.75, 67953.17], [21823.04, 48702.32, 33730.25, 26768.28, 25319.85, 60225.71, 0.0, 75942.96, 89085.72, 99108.59, 68486.9, 70853.18, 124838.18, 109201.74, 112362.13, 138308.32, 78208.16, 90371.29, 135606.43, 99631.55, 126547.35, 64291.78, 65460.96, 95040.32, 104485.26, 124709.01, 74048.18, 92042.87, 170736.73, 112861.46, 109606.83, 149590.66, 196587.17, 183846.31, 87898.88, 99707.33, 159154.17, 174366.66, 194408.11, 89141.42, 207883.65, 128338.43, 155331.85, 201523.26, 211445.11, 185095.05, 192446.91, 251831.9, 231064.28, 223403.53, 206115.01, 226167.71, 244273.77, 238834.94, 215767.33, 217259.62, 208164.71, 235834.36, 231494.53, 116062.78, 117840.94, 136876.76, 127910.95, 82301.77, 102599.26, 141670.83, 127950.42, 100463.18, 86111.27, 127937.61, 85931.26, 132375.18, 100868.12, 139464.01, 115513.52, 151396.96, 164805.22, 157287.04, 197709.93, 178570.84, 148607.71, 125049.73, 170789.62, 136065.38, 110765.24, 144978.36, 91193.05, 174725.8, 177640.84, 163612.2, 106553.02, 120263.91, 139363.5, 130329.63, 147882.42, 128056.17], [80602.44, 27473.19, 65276.82, 53257.7, 59978.55, 23891.68, 75942.96, 0.0, 23826.32, 26003.75, 13244.87, 57535.25, 96107.08, 76271.18, 69568.02, 94582.62, 45622.82, 55882.75, 108614.98, 60707.85, 87890.19, 71514.38, 40693.92, 73985.55, 55484.85, 78375.96, 69231.36, 65161.83, 100781.19, 47612.95, 55117.69, 79845.87, 123163.39, 111570.73, 44976.55, 43255.14, 95051.31, 105189.35, 121774.09, 38816.69, 135996.1, 70761.48, 84567.66, 125845.58, 135616.0, 109468.54, 117907.58, 175931.92, 155145.88, 147471.4, 132541.06, 150612.48, 168339.8, 163034.64, 140065.49, 142385.66, 132237.25, 159892.35, 155551.59, 58001.01, 85005.19, 73914.68, 101670.96, 40448.43, 46981.15, 104940.76, 73684.57, 29747.84, 52517.76, 84559.67, 30513.8, 60675.33, 60144.36, 81820.56, 40233.76, 78129.96, 88953.12, 81345.43, 122087.67, 102713.08, 72997.47, 49132.9, 97278.56, 61079.5, 41820.84, 69405.11, 15634.9, 100270.98, 101877.46, 88631.02, 30704.15, 47882.12, 65291.98, 55260.06, 82030.32, 60521.29], [88153.09, 44951.29, 69486.11, 63195.18, 78195.6, 28916.43, 89085.72, 23826.32, 0.0, 14122.93, 36877.23, 47577.59, 74965.68, 55495.55, 47000.41, 71093.84, 31652.11, 37570.73, 87262.1, 39956.34, 65222.57, 64992.46, 34075.46, 56992.08, 32563.21, 54919.61, 58946.28, 47718.95, 81979.44, 25222.81, 31379.98, 60760.17, 107625.45, 94760.79, 26029.2, 19692.9, 73222.48, 85887.0, 105330.03, 18252.17, 118831.96, 47115.17, 66321.6, 114882.6, 125341.83, 98512.12, 104060.66, 165863.48, 146881.14, 138115.2, 117170.73, 138941.51, 159657.7, 152326.34, 129057.35, 129027.07, 122979.06, 151008.87, 146594.66, 74071.35, 106270.84, 85665.39, 123341.94, 63329.48, 65540.49, 124544.67, 89837.84, 42414.79, 75514.2, 103536.46, 51896.22, 66167.9, 81461.69, 95830.68, 41744.44, 62612.86, 82836.92, 74152.22, 116300.85, 93178.13, 69187.23, 43114.1, 97338.82, 49311.5, 21706.97, 59279.82, 25566.63, 86416.23, 95929.96, 76044.87, 27281.11, 31644.84, 51293.83, 44053.99, 60712.18, 39703.81], [100200.67, 52188.34, 82241.95, 74193.23, 85407.46, 40168.67, 99108.59, 26003.75, 14122.93, 0.0, 38698.76, 61667.99, 84597.81, 65885.25, 55550.73, 76843.23, 45558.58, 50116.22, 96492.41, 50895.27, 73061.5, 79109.74, 48036.02, 69596.24, 41228.18, 61178.19, 72965.56, 60337.38, 74782.37, 24320.35, 37462.39, 53851.45, 97924.8, 85900.81, 38817.31, 27958.24, 69824.82, 79187.92, 96231.62, 30783.37, 110286.12, 48978.72, 58585.67, 102894.44, 113129.89, 86451.11, 93358.1, 153675.19, 134076.12, 125623.84, 107390.03, 127314.47, 147002.6, 140345.75, 117133.79, 118151.06, 110411.92, 138397.73, 133996.51, 64252.9, 99618.74, 73630.8, 116941.39, 59834.86, 57595.44, 116145.08, 79681.18, 32748.44, 71832.92, 94916.04, 47106.45, 52725.2, 75337.09, 84531.18, 28128.9, 52690.95, 69276.22, 60763.73, 102813.48, 80574.93, 55208.6, 29166.48, 83216.77, 37123.55, 16905.34, 46589.67, 18635.9, 75637.4, 82401.04, 64550.82, 13493.3, 21950.24, 40292.15, 31516.22, 56605.36, 35140.54], [76442.69, 20504.32, 63798.04, 48996.53, 49674.08, 27949.12, 68486.9, 13244.87, 36877.23, 38698.76, 0.0, 64043.97, 107078.85, 87236.39, 81547.09, 107082.26, 54631.36, 66136.91, 119628.87, 71897.02, 99815.82, 75623.0, 47090.52, 83146.9, 67777.98, 90887.61, 75326.26, 74756.47, 113225.11, 60851.05, 67949.44, 92466.0, 134498.2, 123385.18, 55890.48, 56002.78, 108173.67, 117746.93, 133418.27, 50543.1, 147814.0, 83934.73, 96954.63, 135468.73, 144880.49, 119248.63, 128685.64, 184859.47, 163410.47, 156262.81, 143768.33, 160343.89, 176704.44, 172300.26, 149596.37, 152825.85, 141108.13, 168396.47, 164115.75, 54444.26, 75764.44, 72896.42, 91830.43, 30149.55, 41835.04, 97039.07, 69369.67, 32158.32, 41651.4, 77535.7, 23565.76, 64243.3, 51345.0, 78905.6, 47487.78, 89833.67, 97102.72, 90110.19, 129555.64, 112021.39, 80593.18, 58665.04, 102385.87, 71995.92, 54914.62, 79562.2, 24326.14, 111203.28, 109707.94, 99265.83, 41003.48, 60282.14, 76764.25, 66189.05, 95091.63, 73573.68], [58676.54, 53816.35, 38723.63, 46552.17, 74833.76, 36178.83, 70853.18, 57535.25, 47577.59, 61667.99, 64043.97, 0.0, 54443.74, 38438.34, 43594.04, 68094.65, 16744.41, 22454.24, 65893.05, 31360.62, 55912.48, 18429.81, 17012.11, 24781.04, 40449.69, 55943.28, 11771.27, 21311.84, 113798.24, 59546.53, 47837.44, 94447.8, 143758.29, 129514.58, 26964.6, 43161.53, 97055.93, 116156.8, 140080.4, 33514.95, 151532.47, 64851.56, 100975.61, 156455.45, 167290.61, 140636.06, 142782.24, 207202.37, 190148.33, 180618.77, 153119.34, 179113.58, 202383.79, 193249.09, 170190.8, 167429.04, 165886.29, 193694.95, 189291.16, 115521.32, 139617.19, 130446.05, 155235.4, 93943.69, 104339.11, 161074.69, 131219.74, 85852.51, 104776.47, 141334.54, 86937.96, 113193.89, 115378.11, 139135.02, 89097.37, 101966.8, 128718.17, 119758.89, 161700.93, 136688.46, 116173.0, 90208.49, 144793.75, 93515.87, 62476.31, 103879.48, 68922.27, 126035.51, 141605.4, 117666.97, 74809.82, 74444.36, 93490.17, 89056.77, 88477.91, 73494.93], [110216.16, 103675.8, 91631.37, 100989.23, 128809.35, 83027.71, 124838.18, 96107.08, 74965.68, 84597.81, 107078.85, 54443.74, 0.0, 19855.88, 29313.73, 25960.84, 54046.4, 41254.61, 12551.35, 35410.32, 16061.02, 62671.29, 65704.96, 29814.99, 43373.0, 29408.21, 51391.51, 34610.05, 94788.6, 65730.1, 48324.69, 82884.75, 126077.4, 111729.01, 51232.56, 56667.5, 72454.4, 94646.58, 120806.35, 57470.54, 128035.89, 49317.19, 88838.94, 146843.69, 157523.58, 133777.34, 129361.11, 193609.66, 181785.37, 171080.15, 134109.72, 164928.13, 192061.08, 179588.4, 158527.79, 150999.11, 158331.04, 183757.44, 179636.98, 148583.47, 180844.22, 157735.74, 197699.39, 136499.19, 140505.56, 199510.35, 164176.66, 116840.38, 148455.57, 178484.96, 126210.84, 134643.97, 155956.29, 169038.52, 110803.35, 96497.08, 132693.89, 123941.3, 161101.11, 133308.1, 126021.5, 104309.09, 155549.6, 98734.19, 73601.9, 107846.93, 100451.08, 116406.46, 143580.34, 112985.07, 96949.26, 82746.85, 94869.87, 97056.76, 71510.59, 70480.84], [96665.05, 84438.81, 77042.23, 84162.71, 110936.21, 63612.37, 109201.74, 76271.18, 55495.55, 65885.25, 87236.39, 38438.34, 19855.88, 0.0, 13610.43, 30157.8, 34847.01, 21718.71, 32398.18, 15635.19, 17542.29, 50854.35, 47120.09, 17183.97, 25181.51, 21799.14, 38935.63, 17159.66, 88595.52, 49303.54, 31592.72, 73208.0, 120064.24, 105467.85, 31376.84, 37993.59, 68002.22, 89546.35, 115355.17, 37737.87, 124535.06, 38819.06, 79632.52, 138079.94, 148960.92, 123833.4, 121723.42, 186820.39, 172993.23, 162594.39, 128778.32, 158088.71, 184057.39, 172701.0, 150667.26, 144863.96, 148997.89, 175541.45, 171280.36, 129421.71, 161080.87, 139432.55, 177895.98, 116648.59, 120991.44, 179969.47, 145107.35, 97676.87, 128599.94, 159013.17, 106440.47, 117132.91, 136189.58, 150406.16, 92883.2, 85150.39, 119309.84, 110330.33, 149510.68, 122188.23, 110931.22, 87737.15, 140674.65, 84183.42, 56527.19, 93915.41, 81053.26, 107089.15, 130962.17, 101860.17, 78671.62, 66781.38, 81280.68, 81717.04, 63475.32, 57060.83], [102113.67, 81918.27, 81918.05, 86261.67, 111010.86, 60957.67, 112362.13, 69568.02, 47000.41, 55550.73, 81547.09, 43594.04, 29313.73, 13610.43, 0.0, 26847.68, 34513.2, 22016.72, 40953.09, 12731.0, 18322.91, 59002.45, 47504.67, 28151.84, 14508.55, 12425.61, 47339.2, 23762.42, 75857.03, 36663.9, 19062.9, 59785.14, 107203.48, 92606.28, 27044.76, 27840.59, 56121.35, 77132.94, 102665.06, 31016.71, 112402.2, 25592.67, 66257.31, 124640.22, 135535.95, 110281.72, 108493.44, 173646.61, 159519.63, 149166.7, 116065.56, 144943.57, 170679.25, 159525.14, 137345.54, 131898.86, 135482.5, 162139.69, 157862.68, 119743.66, 153267.8, 128444.79, 170339.31, 109914.07, 112216.08, 171172.28, 135229.11, 88068.74, 122044.48, 150034.96, 98855.2, 105370.57, 128461.34, 139828.55, 81489.88, 71546.61, 105840.56, 96888.34, 135905.41, 108579.66, 97852.14, 75288.62, 127558.39, 70899.79, 44358.3, 80510.01, 72088.8, 93622.43, 117409.58, 88255.95, 67686.42, 53960.43, 67795.52, 68673.63, 50473.64, 43502.35], [126644.12, 108643.93, 106818.05, 112575.33, 137816.84, 87725.64, 138308.32, 94582.62, 71093.84, 76843.23, 107082.26, 68094.65, 25960.84, 30157.8, 26847.68, 0.0, 61146.18, 48197.41, 30008.01, 39199.68, 13004.63, 80971.54, 74111.83, 46980.26, 39372.74, 16207.18, 69061.39, 46858.4, 70055.39, 53869.12, 39894.1, 60766.12, 100967.41, 86828.7, 53829.05, 51410.73, 47354.68, 69453.7, 95525.75, 57040.32, 102236.28, 31159.09, 66124.96, 122933.78, 133423.25, 110782.07, 104958.95, 168527.53, 157688.53, 146862.46, 108722.81, 139954.05, 167508.17, 154583.36, 134045.35, 125810.59, 134693.16, 159340.86, 155310.51, 140481.41, 176336.49, 146396.1, 193606.22, 134408.62, 134438.13, 192825.32, 155418.91, 109473.77, 146596.55, 171572.02, 122664.74, 121659.09, 151811.42, 158568.64, 99487.57, 75435.78, 112974.28, 104664.16, 139166.84, 111267.71, 108718.58, 90195.93, 137409.23, 81446.49, 62295.95, 89386.3, 94804.89, 93184.33, 122838.56, 91289.7, 87171.03, 68562.87, 76416.81, 81048.46, 48560.24, 53251.83], [69896.44, 49650.9, 49546.21, 51851.7, 76781.25, 29017.23, 78208.16, 45622.82, 31652.11, 45558.58, 54631.36, 16744.41, 54046.4, 34847.01, 34513.2, 61146.18, 0.0, 13285.43, 66471.81, 21946.5, 50594.41, 35090.98, 12991.56, 28541.09, 26822.14, 46678.42, 27489.48, 20231.34, 98706.83, 43121.48, 33218.43, 78800.31, 128084.71, 114009.56, 11012.68, 26820.58, 83373.17, 101393.86, 124637.97, 16795.06, 136550.48, 51406.82, 85252.11, 139993.88, 150799.43, 124087.24, 126679.8, 190834.28, 173534.62, 164077.97, 137518.54, 162878.52, 185835.09, 176924.63, 153806.04, 151448.48, 149289.51, 177144.54, 172736.22, 102746.33, 130129.03, 116312.97, 146418.05, 84721.09, 92456.03, 150531.8, 118576.01, 72018.26, 96267.93, 130176.96, 76037.47, 97772.89, 105409.47, 125710.27, 73395.86, 85601.2, 111989.62, 103022.48, 144956.55, 120013.17, 99600.16, 73712.8, 128408.63, 76773.89, 45747.09, 87136.18, 54823.78, 109747.28, 124865.59, 101120.96, 58908.33, 57708.27, 76829.21, 72319.14, 73778.38, 57475.69], [80358.09, 62732.76, 60076.57, 64404.02, 89986.23, 41894.47, 90371.29, 55882.75, 37570.73, 50116.22, 66136.91, 22454.24, 41254.61, 21718.71, 22016.72, 48197.41, 13285.43, 0.0, 53774.14, 9305.08, 37344.8, 39669.3, 26038.97, 19493.39, 18496.27, 34419.88, 29089.57, 10222.0, 91979.32, 40709.25, 26321.14, 73280.29, 122413.83, 108018.48, 11551.36, 25043.05, 74665.78, 94115.83, 118493.09, 19425.58, 129558.48, 42485.96, 79865.97, 136642.17, 147549.99, 121228.2, 122096.3, 186977.62, 170898.08, 161038.97, 131668.91, 158608.3, 182788.65, 172931.82, 150091.32, 146460.88, 146612.66, 174125.5, 169751.64, 111266.28, 140883.58, 123201.66, 157468.67, 95916.79, 101862.01, 160549.4, 127092.31, 79817.23, 107716.17, 139856.64, 86357.15, 102799.16, 116027.08, 133379.37, 78189.33, 82138.55, 111982.56, 102907.05, 144121.3, 118046.63, 101115.67, 75996.56, 130588.81, 76260.99, 45607.38, 86568.31, 62708.98, 105831.51, 124489.22, 98376.11, 63560.79, 57351.5, 75101.24, 72544.04, 66492.01, 53170.22], [120065.66, 116052.37, 102106.08, 112391.41, 140595.66, 95478.63, 135606.43, 108614.98, 87262.1, 96492.41, 119628.87, 65893.05, 12551.35, 32398.18, 40953.09, 30008.01, 66471.81, 53774.14, 0.0, 47907.26, 24830.0, 72359.22, 77918.6, 41112.32, 55308.79, 38610.46, 61641.7, 46782.42, 100014.66, 76689.02, 59670.93, 90264.61, 130744.39, 116719.61, 63773.54, 68662.91, 77255.52, 99246.2, 125202.47, 69922.79, 131175.47, 58124.49, 95853.22, 152940.45, 163429.06, 140658.63, 134947.67, 198253.68, 187692.38, 176859.42, 138286.08, 169759.59, 197446.91, 184362.49, 164010.72, 155506.58, 164685.66, 189309.84, 185294.07, 160632.03, 193281.24, 169266.59, 210169.34, 149022.49, 152776.94, 211782.44, 176158.53, 128917.13, 160990.53, 190715.52, 138660.16, 145763.78, 168398.58, 180752.2, 122209.96, 104543.09, 141529.73, 132957.42, 168759.64, 140864.51, 135838.3, 115031.25, 165121.12, 108443.7, 84773.83, 117153.83, 112678.17, 123093.43, 151921.94, 120719.8, 108585.41, 93312.01, 104117.26, 107187.86, 78298.81, 79988.39], [89598.16, 70405.04, 69342.58, 73565.2, 98672.74, 49415.07, 99631.55, 60707.85, 39956.34, 50895.27, 71897.02, 31360.62, 35410.32, 15635.19, 12731.0, 39199.68, 21946.5, 9305.08, 47907.26, 0.0, 29005.95, 47768.96, 34918.14, 21302.97, 12549.44, 25117.86, 36546.18, 13784.46, 84547.25, 37065.15, 20460.32, 66683.13, 115401.17, 100894.77, 16048.42, 23448.18, 66343.25, 86387.4, 111243.64, 22102.72, 121844.85, 34390.39, 73275.67, 130880.64, 141807.73, 115832.96, 115685.21, 180783.18, 165445.87, 155377.05, 124529.24, 152247.55, 177066.22, 166690.96, 144070.37, 139738.11, 141213.24, 168439.69, 164097.27, 113982.6, 145455.43, 124525.22, 162290.86, 101124.33, 105393.57, 164357.42, 129709.89, 82262.73, 113115.97, 143424.13, 90816.36, 102868.0, 120564.85, 135266.56, 78400.84, 76685.97, 108454.55, 99383.55, 139869.97, 113218.51, 98706.86, 74458.05, 128409.42, 72803.12, 43299.42, 82922.44, 65522.79, 99895.38, 120634.05, 93206.55, 63972.99, 54430.2, 70857.08, 69650.91, 58960.21, 47706.75], [114206.16, 99397.33, 94566.32, 101215.13, 127327.58, 78402.17, 126547.35, 87890.19, 65222.57, 73061.5, 99815.82, 55912.48, 16061.02, 17542.29, 18322.91, 13004.63, 50594.41, 37344.8, 24830.0, 29005.95, 0.0, 68128.58, 63366.33, 34052.62, 32659.5, 13821.22, 56239.25, 34600.91, 78950.19, 52155.95, 35684.98, 66845.32, 110336.26, 95919.66, 44702.52, 45819.9, 56837.79, 79000.66, 105160.86, 49272.88, 112882.69, 33592.66, 72779.7, 130806.85, 141502.68, 117719.8, 113398.63, 177809.73, 165758.47, 155070.05, 118514.3, 149099.21, 176101.84, 163763.72, 142565.65, 135272.09, 142275.61, 167774.4, 163640.24, 137306.67, 171444.44, 145039.23, 188554.85, 128232.89, 130181.09, 189054.77, 152644.91, 105762.32, 140366.14, 167869.55, 117110.94, 121199.06, 146670.6, 156748.37, 97920.33, 80586.04, 117096.23, 108428.92, 145135.99, 117316.06, 111043.54, 90296.52, 140392.46, 83659.87, 60373.73, 92492.53, 90095.51, 100345.69, 127788.15, 97015.53, 84622.7, 68547.73, 79468.65, 82357.87, 55454.95, 55230.34], [47707.59, 61327.67, 30593.45, 44844.85, 74462.62, 48157.12, 64291.78, 71514.38, 64992.46, 79109.74, 75623.0, 18429.81, 62671.29, 50854.35, 59002.45, 80971.54, 35090.98, 39669.3, 72359.22, 47768.96, 68128.58, 0.0, 31703.04, 34142.56, 58110.24, 70887.31, 11920.11, 35277.41, 131620.78, 77970.7, 65753.33, 112590.33, 161859.85, 147540.04, 45377.51, 61583.51, 114100.0, 133784.4, 158060.44, 51885.94, 169227.6, 82028.78, 119143.47, 174874.45, 185714.17, 159065.59, 161087.76, 225595.39, 208575.31, 199047.58, 171175.08, 197463.53, 220812.95, 211629.3, 188591.23, 185672.02, 184314.96, 212124.25, 207720.67, 129129.17, 149556.37, 145359.7, 164301.59, 104361.75, 117182.9, 171930.66, 144546.42, 100862.3, 114243.63, 153009.99, 99140.57, 129605.64, 126131.83, 153232.83, 105939.3, 120371.07, 146891.97, 137967.81, 179978.31, 155095.79, 134023.74, 107981.42, 162322.78, 111830.52, 80833.09, 122182.71, 84440.61, 144413.57, 159827.31, 136096.58, 91949.99, 92784.82, 111902.79, 107282.94, 106158.31, 91814.44], [58480.61, 38494.82, 38372.52, 38953.77, 63965.45, 19382.01, 65460.96, 40693.92, 34075.46, 48036.02, 47090.52, 17012.11, 65704.96, 47120.09, 47504.67, 74111.83, 12991.56, 26038.97, 77918.6, 34918.14, 63366.33, 31703.04, 0.0, 37980.55, 39076.73, 59646.99, 28577.93, 31136.41, 108878.88, 51639.95, 44690.44, 88388.1, 137339.31, 123576.71, 22538.61, 36237.98, 94840.12, 111899.07, 134247.22, 25330.37, 146685.0, 63289.13, 94665.85, 147417.76, 158078.42, 131229.17, 135144.44, 198433.23, 180199.51, 171118.55, 146851.94, 170910.43, 192790.72, 184681.4, 161442.0, 160081.89, 156110.04, 184111.39, 179693.12, 98691.25, 122763.72, 114086.4, 138530.66, 77083.68, 87371.88, 144095.3, 114343.19, 69491.02, 88082.77, 124322.83, 69925.99, 97903.12, 98435.48, 122457.69, 74324.74, 93639.87, 116839.33, 108082.21, 150238.89, 126461.26, 103230.95, 77164.86, 131049.45, 82644.77, 52464.27, 92839.62, 52841.44, 117840.18, 129906.54, 108398.43, 60519.36, 64024.64, 83691.38, 77673.94, 84531.44, 66685.72], [80973.18, 76473.98, 61975.47, 71305.18, 99538.65, 56757.47, 95040.32, 73985.55, 56992.08, 69596.24, 83146.9, 24781.04, 29814.99, 17183.97, 28151.84, 46980.26, 28541.09, 19493.39, 41112.32, 21302.97, 34052.62, 34142.56, 37980.55, 0.0, 33851.31, 38576.5, 22331.73, 9280.8, 103940.08, 58258.76, 41712.57, 87144.91, 135198.87, 120613.92, 30973.39, 43685.99, 84190.67, 105282.54, 130747.94, 38913.71, 140547.07, 53532.8, 93702.2, 151727.13, 162651.66, 136877.55, 136101.37, 201273.21, 186419.96, 176252.03, 144132.64, 172634.24, 197888.25, 187159.14, 164734.94, 159798.14, 162230.28, 189289.85, 184968.7, 130354.57, 158663.86, 142653.52, 174954.11, 113255.87, 120561.87, 178924.08, 146196.0, 99071.28, 124758.83, 158436.71, 104473.09, 122248.84, 133924.6, 152717.92, 97642.36, 97772.57, 129717.49, 120642.11, 161165.4, 134441.96, 119660.16, 94959.01, 149290.24, 94032.56, 64087.52, 104189.57, 81899.38, 120694.39, 141931.72, 114359.64, 83023.69, 75492.54, 92160.05, 90736.65, 78462.53, 68877.38], [96703.14, 69897.97, 76344.1, 77841.21, 100504.5, 49273.46, 104485.26, 55484.85, 32563.21, 41228.18, 67777.98, 40449.69, 43373.0, 25181.51, 14508.55, 39372.74, 26822.14, 18496.27, 55308.79, 12549.44, 32659.5, 58110.24, 39076.73, 33851.31, 0.0, 23260.52, 47559.56, 26034.48, 73510.66, 24710.85, 8019.07, 54850.74, 103926.38, 89522.8, 16589.94, 13360.49, 56804.53, 75736.45, 99998.1, 17789.99, 111150.03, 24664.27, 61443.5, 118626.8, 129549.89, 103447.67, 103754.85, 168744.05, 153092.58, 143092.44, 113173.68, 140297.1, 164809.32, 154674.48, 131934.63, 128028.59, 128838.0, 156167.04, 151811.98, 105324.06, 138801.25, 114488.77, 155898.12, 95685.34, 97707.96, 156668.64, 120858.04, 73619.17, 107843.31, 135538.49, 84454.92, 91957.75, 114014.75, 125682.32, 67764.09, 64292.82, 95954.81, 86889.44, 127321.51, 100711.48, 86492.79, 62710.26, 116231.63, 60347.16, 31457.04, 70422.3, 57580.29, 87701.46, 108096.3, 80752.64, 53679.37, 42185.73, 58309.9, 57348.05, 48073.85, 35274.44], [114518.37, 92920.16, 94337.84, 98513.51, 122774.15, 72107.88, 124709.01, 78375.96, 54919.61, 61178.19, 90887.61, 55943.28, 29408.21, 21799.14, 12425.61, 16207.18, 46678.42, 34419.88, 38610.46, 25117.86, 13821.22, 70887.31, 59646.99, 38576.5, 23260.52, 0.0, 59087.8, 35635.23, 67475.18, 39079.79, 23879.54, 53796.61, 98994.99, 84439.63, 38394.3, 35228.33, 46335.66, 68110.81, 94098.53, 41015.38, 102880.15, 19909.39, 59934.36, 118295.55, 129083.02, 104768.38, 101312.9, 166154.77, 153278.91, 142695.67, 107519.81, 137404.1, 163935.2, 152057.49, 130426.52, 123891.23, 129573.24, 155516.99, 151324.2, 125178.93, 160442.96, 132062.63, 177677.79, 118246.57, 118708.35, 177312.36, 140316.12, 93908.94, 130432.65, 156073.62, 106587.73, 107886.54, 135841.1, 143971.44, 84961.41, 67123.38, 103354.98, 94654.68, 131761.02, 104015.6, 97233.05, 76783.22, 126571.28, 69844.41, 47437.56, 78681.54, 78887.58, 87566.72, 114173.15, 83664.42, 72074.58, 55007.83, 65662.68, 68611.16, 42974.45, 41409.28], [58844.99, 63774.56, 40466.34, 52190.45, 81521.17, 47379.32, 74048.18, 69231.36, 58946.28, 72965.56, 75326.26, 11771.27, 51391.51, 38935.63, 47339.2, 69061.39, 27489.48, 29089.57, 61641.7, 36546.18, 56239.25, 11920.11, 28577.93, 22331.73, 47559.56, 59087.8, 0.0, 23577.02, 120917.64, 68882.99, 55409.82, 102369.56, 151484.86, 137065.55, 36529.31, 52591.14, 102837.3, 122888.31, 147509.79, 43813.3, 158350.2, 70933.67, 108954.43, 165481.65, 176369.81, 149899.08, 151155.17, 215960.59, 199535.41, 189805.9, 160717.9, 187646.07, 211570.83, 201933.72, 179029.22, 175549.33, 175245.98, 202894.45, 198507.13, 127230.41, 150646.91, 142215.91, 166039.9, 105026.1, 115945.53, 172349.25, 142906.29, 97623.61, 115621.49, 152768.63, 98412.84, 124799.59, 126583.22, 150888.71, 100603.41, 110930.94, 139130.48, 130115.91, 171853.76, 146351.9, 127037.3, 101191.1, 155897.93, 103665.49, 72591.71, 114039.56, 80682.78, 134775.39, 151907.33, 126970.06, 86224.55, 84568.01, 103188.92, 99438.33, 95365.14, 82078.6], [79789.3, 69381.4, 59997.65, 67127.46, 94350.76, 49092.58, 92042.87, 65161.83, 47718.95, 60337.38, 74756.47, 21311.84, 34610.05, 17159.66, 23762.42, 46858.4, 20231.34, 10222.0, 46782.42, 13784.46, 34600.91, 35277.41, 31136.41, 9280.8, 26034.48, 35635.23, 23577.02, 0.0, 98185.26, 49856.84, 34045.21, 80467.47, 129133.5, 114609.4, 21695.13, 34783.58, 79466.93, 99896.93, 124921.41, 29634.5, 135328.31, 47851.59, 87059.79, 144608.46, 155534.43, 129480.35, 129469.57, 194563.31, 179119.62, 169091.99, 138230.92, 166031.86, 190794.67, 180472.67, 157835.06, 153507.38, 154869.55, 182160.83, 177812.17, 121194.83, 150026.97, 133376.63, 166445.18, 104773.99, 111545.35, 170049.15, 137032.38, 89850.2, 116407.75, 149475.68, 95674.99, 113012.38, 125229.93, 143472.98, 88403.23, 90325.38, 121336.13, 112255.17, 153128.48, 126693.78, 110888.1, 85975.97, 140449.53, 85605.9, 55301.8, 95842.67, 72695.89, 113642.11, 133695.66, 106780.7, 73777.6, 66874.72, 84055.84, 82113.12, 72596.79, 61308.91], [167222.04, 126334.28, 147247.3, 144352.96, 159720.95, 110567.35, 170736.73, 100781.19, 81979.44, 74782.37, 113225.11, 113798.24, 94788.6, 88595.52, 75857.03, 70055.39, 98706.83, 91979.32, 100014.66, 84547.25, 78950.19, 131620.78, 108878.88, 103940.08, 73510.66, 67475.18, 120917.64, 98185.26, 0.0, 57975.53, 65960.85, 21222.4, 31519.94, 16986.22, 87694.4, 72642.09, 22816.84, 5288.91, 26809.21, 83549.03, 37850.23, 50441.55, 16291.78, 53379.38, 63588.33, 43498.52, 34982.9, 98861.85, 87790.29, 76905.42, 40210.89, 70150.16, 97454.71, 84814.14, 63996.08, 56426.37, 65416.76, 89295.26, 85291.93, 116903.35, 157993.12, 112214.28, 174678.85, 128829.99, 117850.69, 166772.78, 127597.41, 95145.66, 139514.84, 147017.51, 115599.48, 86871.98, 137650.48, 125308.33, 76511.13, 26452.65, 56671.8, 51722.0, 73421.13, 46922.91, 62230.47, 61744.69, 83128.12, 45701.27, 60340.61, 44794.69, 90233.19, 26548.18, 61669.4, 31650.89, 74069.45, 52950.31, 39029.67, 50486.35, 25589.98, 42715.5], [109528.17, 70146.94, 89796.98, 86394.94, 103302.82, 52862.66, 112861.46, 47612.95, 25222.81, 24320.35, 60851.05, 59546.53, 65730.1, 49303.54, 36663.9, 53869.12, 43121.48, 40709.25, 76689.02, 37065.15, 52155.95, 77970.7, 51639.95, 58258.76, 24710.85, 39079.79, 68882.99, 49856.84, 57975.53, 0.0, 17726.11, 37022.61, 85705.41, 72045.37, 32600.24, 16388.34, 48002.43, 61506.01, 82717.17, 26649.34, 95512.37, 24718.51, 43138.12, 96911.93, 107744.12, 81115.53, 83696.52, 147714.99, 130696.2, 121085.62, 95225.29, 119782.12, 142853.28, 133803.7, 110688.7, 108565.25, 106414.26, 134166.35, 129766.21, 86677.81, 123542.3, 92988.29, 140898.95, 84084.99, 81284.57, 139158.23, 101550.16, 56069.22, 96123.38, 117907.28, 71423.83, 69077.55, 99481.39, 104909.95, 45881.63, 42480.01, 71491.04, 62411.04, 103413.37, 77486.56, 61798.69, 38626.77, 91545.88, 35778.3, 8426.87, 45986.47, 42953.53, 66641.04, 83851.85, 58153.23, 33324.62, 17510.84, 34408.63, 32637.32, 35563.67, 15273.27], [102946.58, 72372.89, 82645.65, 82850.04, 104025.1, 52400.32, 109606.83, 55117.69, 31379.98, 37462.39, 67949.44, 47837.44, 48324.69, 31592.72, 19062.9, 39894.1, 33218.43, 26321.14, 59670.93, 20460.32, 35684.98, 65753.33, 44690.44, 41712.57, 8019.07, 23879.54, 55409.82, 34045.21, 65960.85, 17726.11, 0.0, 46959.89, 96136.38, 81788.08, 22347.38, 11985.86, 50220.4, 68384.9, 92309.84, 20766.55, 103711.24, 18736.17, 53544.85, 110609.16, 121531.88, 95435.21, 95801.7, 160756.15, 145076.44, 135073.45, 105427.64, 132332.44, 156791.07, 146692.39, 123930.38, 120139.78, 120824.38, 148148.26, 143792.97, 101659.69, 136564.08, 109596.17, 153798.73, 94582.9, 94881.52, 153590.13, 116963.45, 70208.12, 106771.41, 132370.01, 82770.67, 86322.36, 111966.68, 121151.47, 62550.48, 56280.28, 88338.82, 79292.74, 119468.39, 92758.43, 79380.24, 56291.74, 109131.32, 52869.0, 25295.95, 62823.93, 55009.14, 79691.15, 100359.12, 72760.44, 48984.29, 35188.65, 50537.83, 50168.58, 40707.56, 27269.0], [146517.37, 105153.23, 126688.69, 123275.95, 138540.8, 89392.89, 149590.66, 79845.87, 60760.17, 53851.45, 92466.0, 94447.8, 82884.75, 73208.0, 59785.14, 60766.12, 78800.31, 73280.29, 90264.61, 66683.13, 66845.32, 112590.33, 88388.1, 87144.91, 54850.74, 53796.61, 102369.56, 80467.47, 21222.4, 37022.61, 46959.89, 0.0, 49318.24, 35233.98, 67839.12, 52271.53, 22289.47, 25361.39, 45889.84, 63103.41, 58491.44, 34463.14, 6596.2, 64871.96, 75756.99, 50972.27, 49007.99, 114149.51, 99797.33, 89389.67, 58722.55, 85569.68, 110897.14, 100043.57, 77615.12, 73181.94, 75890.07, 102354.66, 98081.03, 101062.94, 141680.84, 99446.1, 158723.64, 109622.9, 100383.11, 152527.05, 113183.95, 76546.42, 120722.65, 132068.17, 96349.8, 73471.95, 120104.93, 112541.13, 58960.25, 15309.11, 53233.17, 45694.07, 78495.03, 50601.81, 52801.08, 44693.79, 78963.41, 29548.65, 39119.75, 32981.3, 69990.71, 33904.24, 62234.72, 30523.68, 54353.08, 32274.81, 22562.57, 32977.51, 12564.51, 21767.15], [195034.23, 150075.33, 175466.86, 170813.21, 183116.24, 136537.33, 196587.17, 123163.39, 107625.45, 97924.8, 134498.2, 143758.29, 126077.4, 120064.24, 107203.48, 100967.41, 128084.71, 122413.83, 130744.39, 115401.17, 110336.26, 161859.85, 137339.31, 135198.87, 103926.38, 98994.99, 151484.86, 129133.5, 31519.94, 85705.41, 96136.38, 49318.24, 0.0, 14600.04, 117142.11, 101439.84, 53662.29, 31514.19, 6144.03, 112180.68, 16563.16, 81669.85, 42832.87, 27720.08, 35690.13, 27836.49, 11107.06, 67567.14, 58811.16, 47862.89, 9553.06, 39018.79, 67118.71, 53621.84, 34438.4, 24937.17, 39522.83, 59378.18, 55690.95, 125999.53, 166587.62, 116068.08, 182145.15, 144791.0, 130149.53, 171100.98, 133556.2, 110911.53, 154136.48, 153244.94, 132066.76, 93669.71, 149425.06, 128460.24, 91392.81, 45253.17, 53419.37, 53579.16, 54127.85, 36116.12, 66324.78, 77280.97, 76101.89, 62572.24, 86138.64, 56409.11, 110341.43, 24014.18, 51202.97, 36424.07, 93577.93, 76350.59, 57871.49, 68345.23, 56741.78, 70722.69], [181559.45, 138058.86, 161829.52, 157810.27, 171307.22, 123651.28, 183846.31, 111570.73, 94760.79, 85900.81, 123385.18, 129514.58, 111729.01, 105467.85, 92606.28, 86828.7, 114009.56, 108018.48, 116719.61, 100894.77, 95919.66, 147540.04, 123576.71, 120613.92, 89522.8, 84439.63, 137065.55, 114609.4, 16986.22, 72045.37, 81788.08, 35233.98, 14600.04, 0.0, 103031.89, 87502.67, 39475.62, 17663.86, 10672.74, 98319.6, 24433.79, 67081.9, 28915.98, 37944.38, 47570.75, 31441.48, 19066.86, 81890.99, 71543.33, 60592.45, 23652.36, 53200.07, 80753.7, 67859.39, 47449.42, 39451.62, 50134.94, 72721.57, 68816.69, 119890.93, 160933.3, 112207.43, 177052.87, 135873.09, 122689.12, 167373.98, 128890.06, 101855.31, 145823.1, 148578.39, 122872.23, 88226.83, 142302.83, 125023.98, 82485.69, 33560.36, 51634.86, 49316.9, 61002.51, 37410.05, 61512.76, 67883.97, 76859.33, 52307.59, 73102.88, 47976.73, 99549.61, 18702.47, 53079.55, 29492.9, 82872.15, 64029.26, 46740.1, 57864.22, 42152.06, 56892.62], [80603.97, 54876.86, 60298.28, 61252.23, 84416.6, 33913.41, 87898.88, 44976.55, 26029.2, 38817.31, 55890.48, 26964.6, 51232.56, 31376.84, 27044.76, 53829.05, 11012.68, 11551.36, 63773.54, 16048.42, 44702.52, 45377.51, 22538.61, 30973.39, 16589.94, 38394.3, 36529.31, 21695.13, 87694.4, 32600.24, 22347.38, 67839.12, 117142.11, 103031.89, 0.0, 16212.37, 72565.7, 90390.68, 113652.93, 8036.79, 125537.8, 40794.91, 74311.03, 129496.95, 140338.71, 113712.66, 115894.19, 180239.43, 163269.57, 153685.72, 126561.64, 152177.26, 175453.18, 166291.55, 143226.44, 140607.95, 138994.62, 166765.96, 162365.16, 99757.15, 129929.03, 111681.56, 146646.68, 85291.28, 90502.43, 149297.3, 115576.38, 68273.95, 97225.44, 128525.62, 75314.46, 91542.41, 105044.27, 121828.19, 66941.42, 75002.24, 102678.57, 93644.52, 135325.96, 109920.13, 91038.41, 65523.83, 120274.44, 67146.83, 36089.7, 77519.31, 51184.56, 99081.35, 115407.7, 90747.11, 52302.07, 48054.6, 66725.49, 63009.08, 62790.13, 46625.29], [94649.82, 60710.96, 74609.49, 72967.12, 92791.79, 41187.59, 99707.33, 43255.14, 19692.9, 27958.24, 56002.78, 43161.53, 56667.5, 37993.59, 27840.59, 51410.73, 26820.58, 25043.05, 68662.91, 23448.18, 45819.9, 61583.51, 36237.98, 43685.99, 13360.49, 35228.33, 52591.14, 34783.58, 72642.09, 16388.34, 11985.86, 52271.53, 101439.84, 87502.67, 16212.37, 0.0, 59447.75, 75689.8, 98161.34, 10913.85, 110457.69, 29650.08, 58639.75, 113293.98, 124130.67, 97500.65, 99863.23, 164067.21, 147065.79, 137473.41, 110911.01, 136064.68, 159240.82, 150136.49, 127046.81, 124653.02, 122788.04, 150553.59, 146152.84, 91969.44, 125654.82, 101439.06, 142803.81, 83022.33, 84399.65, 143337.37, 107520.53, 60259.23, 95207.07, 122194.72, 71485.54, 79434.85, 100922.32, 112480.69, 55014.73, 58824.01, 87014.53, 77947.72, 119391.6, 93767.73, 76119.05, 51280.26, 105666.16, 51333.12, 20566.32, 61677.98, 44286.89, 82941.64, 99609.16, 74535.8, 40694.75, 32340.6, 50597.99, 47507.44, 48473.96, 30731.46], [153166.92, 118105.58, 132862.28, 132407.42, 151136.23, 100070.42, 159154.17, 95051.31, 73222.48, 69824.82, 108173.67, 97055.93, 72454.4, 68002.22, 56121.35, 47354.68, 83373.17, 74665.78, 77255.52, 66343.25, 56837.79, 114100.0, 94840.12, 84190.67, 56804.53, 46335.66, 102837.3, 79466.93, 22816.84, 48002.43, 50220.4, 22289.47, 53662.29, 39475.62, 72565.7, 59447.75, 0.0, 22192.22, 48353.47, 70083.35, 56546.61, 32207.47, 24162.29, 76117.9, 86396.51, 65279.59, 57799.73, 121227.68, 110606.7, 99721.44, 61681.68, 92613.72, 120192.19, 107253.54, 86778.71, 78560.63, 88086.78, 112078.74, 108094.96, 122493.04, 162715.35, 121653.43, 179890.99, 128372.45, 120912.19, 174357.01, 135055.76, 96372.22, 139897.31, 153723.8, 115175.85, 95661.6, 140447.83, 134729.39, 79889.89, 36705.13, 73575.18, 66807.08, 94793.74, 67373.68, 74834.49, 66151.52, 99866.4, 51613.04, 53260.05, 55164.21, 87562.73, 47736.17, 80939.88, 49085.89, 73275.01, 50299.86, 44705.43, 54503.58, 13368.88, 34684.44], [170339.62, 130459.28, 150264.47, 147879.95, 163843.08, 114290.77, 174366.66, 105189.35, 85887.0, 79187.92, 117746.93, 116156.8, 94646.58, 89546.35, 77132.94, 69453.7, 101393.86, 94115.83, 99246.2, 86387.4, 79000.66, 133784.4, 111899.07, 105282.54, 75736.45, 68110.81, 122888.31, 99896.93, 5288.91, 61506.01, 68384.9, 25361.39, 31514.19, 17663.86, 90390.68, 75689.8, 22192.22, 0.0, 26164.41, 86601.72, 35461.91, 52045.61, 21066.49, 55337.0, 65181.87, 46718.82, 36573.3, 99075.54, 89202.77, 78254.72, 39519.95, 70516.7, 98341.93, 85134.15, 65103.71, 56379.58, 67492.01, 90360.81, 86474.37, 122175.81, 163258.35, 117477.36, 179956.17, 133822.11, 123043.24, 172057.49, 132885.74, 100209.98, 144576.65, 152306.19, 120577.86, 92156.42, 142844.26, 130566.78, 81667.07, 31704.81, 61427.14, 56747.77, 76709.96, 50823.97, 67417.77, 66916.86, 87806.27, 50887.61, 64356.8, 50082.59, 94958.89, 30404.8, 65869.69, 36531.07, 78919.39, 57475.37, 44161.77, 55591.89, 27682.24, 46337.63], [192227.78, 148416.77, 172502.25, 168420.45, 181608.98, 134233.69, 194408.11, 121774.09, 105330.03, 96231.62, 133418.27, 140080.4, 120806.35, 115355.17, 102665.06, 95525.75, 124637.97, 118493.09, 125202.47, 111243.64, 105160.86, 158060.44, 134247.22, 130747.94, 99998.1, 94098.53, 147509.79, 124921.41, 26809.21, 82717.17, 92309.84, 45889.84, 6144.03, 10672.74, 113652.93, 98161.34, 48353.47, 26164.41, 0.0, 108985.11, 14808.34, 77238.34, 39588.62, 33685.19, 41831.97, 32150.2, 16050.26, 73053.14, 64906.3, 53967.92, 13425.48, 44697.53, 73012.35, 59214.13, 40529.64, 30304.1, 45585.77, 65367.0, 61730.89, 127462.89, 168291.97, 118445.51, 184099.37, 144947.08, 131006.36, 173598.3, 135638.89, 110958.79, 154605.69, 155350.49, 132067.66, 95354.47, 150460.35, 131022.96, 91480.97, 43645.43, 56322.49, 55547.04, 59607.66, 39861.34, 68162.86, 77082.44, 80007.26, 61862.95, 83697.63, 56595.73, 109434.82, 24926.76, 55317.96, 37061.52, 92700.06, 74430.69, 56657.17, 67538.28, 52343.0, 67564.25], [83738.46, 52187.8, 63699.0, 62375.12, 83337.82, 31790.12, 89141.42, 38816.69, 18252.17, 30783.37, 50543.1, 33514.95, 57470.54, 37737.87, 31016.71, 57040.32, 16795.06, 19425.58, 69922.79, 22102.72, 49272.88, 51885.94, 25330.37, 38913.71, 17789.99, 41015.38, 43813.3, 29634.5, 83549.03, 26649.34, 20766.55, 63103.41, 112180.68, 98319.6, 8036.79, 10913.85, 70083.35, 86601.72, 108985.11, 0.0, 121355.84, 39419.9, 69427.21, 123331.95, 134112.46, 107364.74, 110345.82, 174232.34, 156767.08, 147354.25, 121671.57, 146396.1, 169104.0, 160361.28, 137200.84, 135206.46, 132532.76, 160413.19, 156002.44, 92256.15, 123373.71, 103792.17, 140247.16, 79263.8, 83361.39, 142291.83, 108045.29, 60649.56, 91327.25, 121400.67, 68741.62, 83507.76, 98485.87, 114072.15, 58905.47, 69060.74, 95344.07, 86348.17, 128213.89, 103222.22, 83341.32, 57686.57, 112456.57, 60014.6, 28961.48, 70383.58, 43683.1, 93253.06, 108170.26, 84407.07, 44266.09, 40932.8, 60046.37, 55651.53, 59339.96, 41462.78], [204958.84, 162412.8, 185042.46, 181693.51, 195691.7, 147658.54, 207883.65, 135996.1, 118831.96, 110286.12, 147814.0, 151532.47, 128035.89, 124535.06, 112402.2, 102236.28, 136550.48, 129558.48, 131175.47, 121844.85, 112882.69, 169227.6, 146685.0, 140547.07, 111150.03, 102880.15, 158350.2, 135328.31, 37850.23, 95512.37, 103711.24, 58491.44, 16563.16, 24433.79, 125537.8, 110457.69, 56546.61, 35461.91, 14808.34, 121355.84, 0.0, 87485.13, 52562.84, 40771.82, 46015.45, 44127