{"number_units": 10, "Distance": [[0.0, 1.0, 1.41, 1.0, 2.0, 2.24, 2.83, 2.24, 2.0, 3.0], [1.0, 0.0, 1.0, 1.41, 1.0, 1.41, 2.24, 2.0, 2.24, 2.0], [1.41, 1.0, 0.0, 1.0, 1.41, 1.0, 1.41, 1.0, 1.41, 2.24], [1.0, 1.41, 1.0, 0.0, 2.24, 2.0, 2.24, 1.41, 1.0, 3.16], [2.0, 1.0, 1.41, 2.24, 0.0, 1.0, 2.0, 2.24, 2.83, 1.0], [2.24, 1.41, 1.0, 2.0, 1.0, 0.0, 1.0, 1.41, 2.24, 1.41], [2.83, 2.24, 1.41, 2.24, 2.0, 1.0, 0.0, 1.0, 2.0, 2.24], [2.24, 2.0, 1.0, 1.41, 2.24, 1.41, 1.0, 0.0, 1.0, 2.83], [2.0, 2.24, 1.41, 1.0, 2.83, 2.24, 2.0, 1.0, 0.0, 3.61], [3.0, 2.0, 2.24, 3.16, 1.0, 1.41, 2.24, 2.83, 3.61, 0.0]], "CPerimeter": [[4.0, 1.0, 0, 1.0, 0, 0, 0, 0, 0, 0], [1.0, 4.0, 1.0, 0, 1.0, 0, 0, 0, 0, 0], [0, 1.0, 4.0, 1.0, 0, 1.0, 0, 1.0, 0, 0], [1.0, 0, 1.0, 4.0, 0, 0, 0, 0, 1.0, 0], [0, 1.0, 0, 0, 4.0, 1.0, 0, 0, 0, 1.0], [0, 0, 1.0, 0, 1.0, 4.0, 1.0, 0, 0, 0], [0, 0, 0, 0, 0, 1.0, 4.0, 1.0, 0, 0], [0, 0, 1.0, 0, 0, 0, 1.0, 4.0, 1.0, 0], [0, 0, 0, 1.0, 0, 0, 0, 1.0, 4.0, 0], [0, 0, 0, 0, 1.0, 0, 0, 0, 0, 4.0]], "MDistance": [[1.41, 2.24, 2.83, 2.24, 3.16, 3.61, 4.24, 3.61, 3.16, 4.12], [2.24, 1.41, 2.24, 2.83, 2.24, 2.83, 3.61, 3.16, 3.61, 3.16], [2.83, 2.24, 1.41, 2.24, 2.24, 2.24, 2.83, 2.24, 2.83, 3.16], [2.24, 2.83, 2.24, 1.41, 3.16, 3.16, 3.61, 2.83, 2.24, 4.12], [3.16, 2.24, 2.24, 3.16, 1.41, 2.24, 3.16, 3.61, 4.24, 2.24], [3.61, 2.83, 2.24, 3.16, 2.24, 1.41, 2.24, 2.83, 3.61, 2.24], [4.24, 3.61, 2.83, 3.61, 3.16, 2.24, 1.41, 2.24, 3.16, 2.83], [3.61, 3.16, 2.24, 2.83, 3.61, 2.83, 2.24, 1.41, 2.24, 3.61], [3.16, 3.61, 2.83, 2.24, 4.24, 3.61, 3.16, 2.24, 1.41, 4.47], [4.12, 3.16, 3.16, 4.12, 2.24, 2.24, 2.83, 3.61, 4.47, 1.41]], "Area": [1.0, 1.0, 1.0, 1.0, 1.0, 1.0, 1.0, 1.0, 1.0, 1.0], "Perimeter": [4.0, 4.0, 4.0, 4.0, 4.0, 4.0, 4.0, 4.0, 4.0, 4.0]}