{"number_units": 167, "Distance": [[0.0, 2017.11, 1678.86, 4382.17, 4545.15, 3832.48, 4249.89, 5910.51, 4593.48, 4731.33, 4010.68, 4989.6, 4705.63, 4390.38, 4119.8, 4330.2, 4638.49, 6563.36, 7036.46, 6887.61, 4982.0, 3547.13, 3577.77, 3423.0, 2894.83, 2545.94, 2744.04, 334.22, 5281.07, 3136.44, 2602.45, 5184.27, 4159.22, 4386.35, 6145.91, 5223.44, 5300.88, 5062.87, 4732.55, 4423.4, 4775.5, 4962.88, 4457.7, 4695.89, 4767.4, 4882.21, 3597.83, 3496.72, 3822.04, 4439.44, 4120.98, 1140.36, 1398.34, 1443.24, 1786.1, 2679.54, 2849.83, 6452.05, 6820.49, 6914.09, 7482.32, 5664.1, 5981.14, 6319.86, 5818.9, 6205.67, 6122.86, 6286.34, 6300.56, 4375.46, 4070.73, 4291.11, 4582.01, 4903.77, 5036.5, 5111.96, 5050.19, 5868.44, 5423.32, 3670.38, 3782.05, 3940.54, 4447.26, 4467.94, 4787.59, 4812.33, 3598.97, 3524.94, 3746.96, 4134.42, 4364.94, 4508.09, 3500.53, 7486.33, 5520.94, 5654.16, 7224.18, 3998.09, 4491.98, 5610.47, 6003.39, 5347.03, 1343.33, 7506.9, 5628.5, 2812.14, 2620.38, 2613.3, 2915.66, 4084.24, 638.71, 637.14, 5343.7, 6008.5, 5939.84, 5462.5, 5110.34, 6163.3, 5956.95, 4899.68, 7474.84, 3697.93, 6093.25, 5507.52, 4996.05, 3468.56, 1878.43, 2699.29, 2900.11, 1838.27, 1854.37, 494.88, 3253.97, 3143.54, 4472.43, 4248.23, 5111.77, 3690.13, 1957.38, 1649.52, 1646.42, 1826.24, 2871.07, 4094.18, 3310.06, 1461.85, 2976.27, 2687.45, 2334.82, 650.25, 548.6, 4302.55, 2869.31, 1045.31, 1903.2, 590.77, 3510.29, 3478.69, 2661.17, 2228.39, 235.57, 230.6, 5903.33, 3921.02, 3641.63, 2135.82, 3900.3], [2017.11, 0.0, 339.01, 2371.33, 2618.56, 1846.72, 2468.98, 5318.84, 4330.39, 4456.81, 4122.73, 3021.83, 2818.57, 2537.45, 2185.18, 2383.46, 2624.35, 4988.94, 5544.97, 5409.7, 4646.53, 3858.7, 3403.72, 3311.74, 2850.22, 2534.74, 2474.38, 1840.45, 3283.54, 1921.77, 1645.22, 4928.37, 3998.7, 4246.29, 5283.46, 4458.44, 4522.9, 4160.87, 3848.16, 3439.38, 3751.63, 3821.31, 3270.69, 3525.43, 3485.7, 3503.69, 2913.34, 2617.61, 2338.66, 2969.71, 2559.02, 1095.9, 714.26, 960.74, 585.8, 1877.9, 1883.47, 5074.68, 5364.45, 5390.49, 5830.23, 4104.38, 4452.69, 4840.66, 4188.45, 4573.93, 4550.38, 4598.87, 4565.0, 2595.43, 2202.96, 2380.49, 2697.47, 3108.38, 3144.94, 3197.49, 3077.01, 3988.35, 3512.74, 1674.12, 1820.84, 1925.82, 2450.48, 2453.52, 2804.05, 2810.88, 1713.69, 1897.56, 1890.07, 2408.65, 2678.64, 2747.26, 2245.55, 5766.93, 5013.46, 4795.34, 5618.56, 3978.07, 3081.35, 3906.85, 4161.42, 3529.26, 1472.97, 5864.86, 4979.85, 2068.43, 2196.78, 2324.78, 2316.34, 2388.17, 1635.59, 1466.48, 4765.06, 5209.24, 5273.19, 4735.95, 3428.29, 4359.21, 4244.27, 3056.95, 5768.5, 3736.0, 4317.54, 3750.04, 3159.61, 1579.42, 459.63, 1805.02, 1782.0, 302.39, 222.84, 2067.69, 2339.26, 2946.96, 2977.35, 2750.16, 4082.56, 1736.08, 2192.87, 1391.43, 995.34, 1705.42, 1558.59, 2215.79, 1569.17, 1673.78, 3253.45, 3023.39, 2738.07, 1887.36, 2024.37, 2751.27, 1982.38, 1516.32, 1735.41, 1925.15, 2057.3, 2227.8, 1927.09, 1728.0, 2020.94, 2201.44, 5004.29, 2268.35, 2187.5, 2429.99, 2056.82], [1678.86, 339.01, 0.0, 2710.03, 2940.51, 2180.34, 2733.75, 5349.66, 4289.58, 4419.87, 4014.21, 3353.16, 3132.33, 2842.28, 2507.7, 2709.32, 2963.35, 5217.87, 5757.98, 5619.21, 4623.06, 3713.41, 3329.27, 3223.84, 2736.43, 2402.19, 2385.9, 1510.4, 3613.88, 2057.37, 1699.76, 4894.11, 3934.32, 4182.49, 5365.72, 4513.49, 4581.26, 4239.65, 3919.05, 3524.58, 3850.23, 3946.06, 3397.67, 3652.56, 3637.22, 3677.6, 2923.57, 2660.57, 2520.58, 3158.71, 2765.51, 818.53, 444.05, 759.08, 523.31, 1910.29, 1955.7, 5260.88, 5569.04, 5609.85, 6079.28, 4325.39, 4668.63, 5047.74, 4426.45, 4814.08, 4776.85, 4852.05, 4829.37, 2861.01, 2490.94, 2682.42, 2993.09, 3381.5, 3444.16, 3503.22, 3399.53, 4286.71, 3818.14, 2002.54, 2136.82, 2262.37, 2780.01, 2789.99, 3138.25, 3148.3, 2021.24, 2138.9, 2191.61, 2682.31, 2945.59, 3032.03, 2402.41, 6030.85, 5025.66, 4872.53, 5856.72, 3889.07, 3257.53, 4160.89, 4450.49, 3810.17, 1257.48, 6111.78, 5018.16, 2057.75, 2124.19, 2232.45, 2286.62, 2628.41, 1321.38, 1140.83, 4787.84, 5278.58, 5317.7, 4786.65, 3674.28, 4639.42, 4502.0, 3361.79, 6029.48, 3632.47, 4590.71, 4016.59, 3443.91, 1886.85, 466.34, 1854.93, 1886.46, 256.44, 211.04, 1747.01, 2380.49, 2863.5, 3172.7, 2943.1, 4186.62, 2049.21, 2000.67, 1243.67, 863.12, 1572.31, 1702.57, 2524.96, 1834.66, 1439.84, 3099.52, 2853.52, 2547.94, 1562.93, 1707.62, 2987.77, 2041.06, 1249.36, 1615.17, 1597.53, 2257.49, 2383.16, 1946.89, 1678.86, 1682.56, 1865.64, 5091.39, 2522.5, 2391.19, 2242.36, 2356.3], [4382.17, 2371.33, 2710.03, 0.0, 766.09, 608.96, 1803.61, 5795.28, 5345.65, 5435.92, 5517.16, 806.91, 1037.77, 1071.55, 683.57, 597.88, 267.68, 3976.83, 4616.88, 4527.41, 5527.35, 5454.68, 4715.42, 4701.08, 4423.69, 4233.4, 4008.5, 4178.22, 1207.39, 2439.31, 2738.16, 5842.89, 5180.64, 5396.6, 5418.05, 4881.05, 4914.81, 4473.45, 4268.6, 3853.52, 4007.71, 3879.5, 3447.57, 3634.38, 3425.55, 3263.74, 3890.52, 3502.49, 2483.63, 2776.71, 2399.01, 3349.42, 3008.3, 3102.21, 2672.03, 2946.66, 2761.42, 4436.2, 4531.12, 4420.84, 4536.63, 3309.91, 3641.65, 4050.96, 3211.9, 3510.2, 3624.2, 3398.08, 3249.32, 1846.34, 1450.99, 1290.12, 1501.28, 2030.95, 1697.1, 1628.97, 1232.06, 2347.95, 1863.2, 944.18, 1077.5, 584.23, 722.63, 434.32, 550.53, 462.73, 1079.28, 1705.88, 1092.93, 1470.97, 1652.44, 1459.63, 2433.69, 4329.06, 5639.72, 5024.04, 4449.11, 5289.34, 2951.6, 2820.57, 2615.91, 2219.64, 3532.31, 4589.24, 5444.2, 3385.84, 3729.06, 3905.28, 3640.05, 2024.0, 3933.47, 3798.75, 5353.28, 5441.37, 5664.98, 5149.37, 2551.05, 2892.4, 3051.72, 1338.43, 4360.51, 5146.29, 2939.84, 2559.47, 1919.9, 1146.78, 2549.4, 2830.56, 2557.79, 2597.21, 2557.62, 4371.95, 3324.45, 4372.26, 2729.03, 2613.01, 4236.15, 1147.57, 4152.69, 3290.05, 2991.52, 3471.85, 2291.74, 938.84, 1530.66, 3816.23, 4946.2, 4806.26, 4628.74, 4233.12, 4317.26, 2015.23, 2876.22, 3701.15, 3451.16, 4277.34, 2059.55, 2436.21, 3030.02, 3195.86, 4392.23, 4555.69, 5137.78, 1648.1, 2072.2, 4345.44, 1093.43], [4545.15, 2618.56, 2940.51, 766.09, 0.0, 834.28, 2563.48, 6543.59, 6036.73, 6132.77, 6149.77, 514.12, 280.13, 377.0, 433.41, 255.38, 853.54, 4700.88, 5342.12, 5258.89, 6237.14, 6044.85, 5351.13, 5322.26, 5001.58, 4777.82, 4584.61, 4298.59, 1794.73, 2073.09, 2493.38, 6551.65, 5845.4, 6069.03, 6180.81, 5626.97, 5663.04, 5223.15, 5008.66, 4588.33, 4756.4, 4637.68, 4194.01, 4387.63, 4184.85, 4027.72, 4561.7, 4175.55, 3205.99, 3534.04, 3145.61, 3438.41, 3146.98, 3156.92, 2764.11, 2657.47, 2444.04, 5189.21, 5267.6, 5143.59, 5205.4, 4064.08, 4390.53, 4796.68, 3953.06, 4236.07, 4363.34, 4107.27, 3942.97, 2610.41, 2201.17, 2054.29, 2265.1, 2789.0, 2430.58, 2346.31, 1917.03, 3004.02, 2546.52, 1577.35, 1772.1, 1252.77, 1485.18, 1189.56, 470.98, 667.09, 949.41, 1319.8, 826.53, 859.5, 960.29, 727.7, 1962.75, 4969.81, 6375.88, 5781.88, 5142.42, 5934.09, 3708.49, 3558.71, 3283.43, 2948.79, 3511.8, 5260.69, 6191.29, 3983.24, 4296.84, 4468.28, 4246.32, 2772.38, 4022.47, 3925.09, 6090.46, 6200.87, 6417.77, 5897.88, 3310.71, 3567.03, 3770.78, 587.27, 5007.75, 5770.85, 3631.32, 3292.58, 2668.49, 1077.34, 2666.72, 2547.23, 2248.77, 2890.57, 2831.34, 4451.03, 3976.18, 4979.83, 3488.22, 3363.94, 4992.69, 1824.23, 4622.59, 3228.44, 3002.16, 3342.94, 2037.15, 488.33, 1319.66, 4213.1, 5506.11, 5340.61, 5129.33, 4503.14, 4387.97, 1344.1, 2543.95, 3728.6, 3306.39, 4537.94, 1617.28, 1971.13, 2738.72, 2997.42, 4594.04, 4691.25, 5899.74, 1104.04, 1584.8, 4833.23, 709.07], [3832.48, 1846.72, 2180.34, 608.96, 834.28, 0.0, 1978.23, 5860.23, 5263.57, 5365.02, 5337.28, 1177.35, 1089.56, 927.71, 442.55, 579.52, 875.46, 4371.12, 5003.56, 4901.84, 5483.75, 5218.29, 4541.8, 4506.61, 4173.56, 3945.02, 3756.9, 3612.72, 1783.33, 1881.15, 2141.4, 5795.99, 5051.49, 5279.99, 5562.24, 4941.24, 4983.6, 4550.85, 4312.18, 3883.64, 4084.49, 4002.46, 3521.01, 3734.29, 3560.18, 3438.02, 3777.43, 3395.11, 2495.46, 2909.22, 2489.72, 2770.87, 2443.21, 2513.62, 2090.06, 2357.24, 2181.27, 4750.55, 4894.09, 4813.8, 5004.25, 3631.65, 3978.42, 4393.32, 3576.86, 3905.85, 3989.11, 3824.15, 3699.29, 2054.77, 1591.56, 1529.68, 1816.82, 2362.44, 2116.49, 2080.79, 1743.11, 2852.09, 2351.8, 834.83, 1079.63, 615.28, 1119.69, 917.82, 958.0, 986.6, 513.79, 1188.18, 596.61, 1144.99, 1393.37, 1288.37, 1924.92, 4824.76, 5663.81, 5136.63, 4888.22, 5127.93, 3078.66, 3199.43, 3104.62, 2631.26, 2931.47, 5053.65, 5505.92, 3162.84, 3467.96, 3638.26, 3428.02, 2131.95, 3357.47, 3233.75, 5381.67, 5561.61, 5749.11, 5218.01, 2860.0, 3369.55, 3466.09, 1382.66, 4850.33, 4955.62, 3396.74, 2954.94, 2292.09, 552.44, 1973.73, 2240.9, 1978.17, 2100.06, 2048.94, 3794.64, 3181.55, 4159.93, 2873.47, 2717.11, 4346.92, 1103.78, 3790.59, 2683.91, 2393.55, 2862.9, 1702.21, 639.36, 951.9, 3393.82, 4674.52, 4506.78, 4295.35, 3731.61, 3737.52, 1696.03, 2298.93, 3109.2, 2842.3, 3771.04, 1550.1, 1924.09, 2440.35, 2590.33, 3858.42, 3996.55, 5276.74, 1238.8, 1588.72, 3999.82, 675.37], [4249.89, 2468.98, 2733.75, 1803.61, 2563.48, 1978.23, 0.0, 3999.51, 3681.02, 3754.63, 4011.0, 2538.06, 2839.5, 2822.5, 2350.82, 2358.92, 1818.22, 2565.95, 3162.31, 3041.33, 3811.94, 4071.81, 3229.72, 3260.53, 3134.84, 3065.56, 2761.26, 4174.17, 1575.61, 3653.41, 3708.95, 4126.96, 3592.61, 3781.89, 3618.17, 3090.35, 3120.38, 2677.66, 2491.86, 2093.61, 2214.8, 2075.93, 1662.24, 1835.16, 1621.98, 1469.89, 2333.29, 1965.48, 842.46, 974.01, 635.87, 3549.82, 3168.73, 3428.18, 3022.2, 3958.31, 3848.17, 2813.18, 3015.11, 2989.9, 3366.38, 1727.7, 2083.98, 2495.29, 1752.07, 2128.07, 2141.42, 2133.24, 2096.8, 127.37, 387.95, 522.39, 505.19, 654.61, 879.41, 1005.17, 1221.0, 1645.6, 1270.68, 1193.86, 925.87, 1370.89, 1130.22, 1420.91, 2301.0, 2124.69, 2427.12, 3091.33, 2559.75, 3120.32, 3356.35, 3210.86, 3798.26, 3298.78, 3864.44, 3220.47, 3170.13, 3755.46, 1149.12, 1442.14, 1755.58, 1097.31, 3939.47, 3403.1, 3650.59, 2141.08, 2540.56, 2711.82, 2330.43, 292.43, 4036.57, 3834.95, 3577.07, 3637.95, 3864.25, 3354.15, 984.47, 1916.78, 1776.08, 3141.86, 3299.59, 3675.94, 1858.79, 1282.94, 757.72, 2392.71, 2881.13, 3850.37, 3664.84, 2499.21, 2523.14, 4440.72, 1885.56, 2993.51, 925.42, 825.34, 2433.14, 942.43, 3221.98, 3822.92, 3434.44, 4110.09, 3367.14, 2594.28, 2764.06, 3146.18, 3677.0, 3622.17, 3558.67, 3850.07, 4412.0, 3673.63, 3970.06, 3978.02, 4123.63, 3913.02, 3441.27, 3792.28, 4033.01, 4008.77, 4162.92, 4469.62, 3336.47, 3211.08, 3508.11, 3339.94, 2653.48], [5910.51, 5318.84, 5349.66, 5795.28, 6543.59, 5860.23, 3999.51, 0.0, 1441.22, 1322.73, 2306.82, 6536.07, 6822.76, 6766.37, 6278.6, 6322.62, 5816.95, 3341.3, 3199.57, 3081.75, 1060.13, 2832.3, 2370.09, 2535.8, 3036.86, 3370.75, 3173.25, 6070.9, 5369.84, 7133.11, 6955.03, 1069.91, 1883.03, 1735.27, 820.11, 919.05, 880.61, 1322.12, 1550.24, 1982.0, 1787.64, 1946.14, 2349.62, 2164.69, 2397.86, 2611.06, 2429.9, 2701.27, 3365.38, 3027.71, 3398.09, 5986.99, 5722.75, 6069.5, 5857.95, 7193.77, 7178.05, 2554.45, 2970.98, 3270.93, 4091.82, 3098.13, 3013.82, 2894.54, 3388.79, 3472.8, 3210.87, 3737.67, 3964.81, 3976.59, 4344.78, 4521.46, 4398.19, 4003.08, 4475.56, 4621.85, 5033.97, 4600.35, 4666.11, 5025.52, 4791.9, 5303.58, 5127.47, 5420.29, 6300.5, 6121.86, 6210.71, 6788.91, 6379.16, 6987.2, 7249.01, 7143.83, 7387.84, 4411.02, 424.52, 863.42, 3752.54, 2146.16, 2852.9, 3662.43, 4419.1, 4140.33, 6497.65, 4060.3, 354.49, 3300.52, 3342.72, 3312.97, 3100.11, 3772.11, 6147.6, 5929.1, 570.89, 614.22, 219.34, 645.91, 3550.29, 4263.92, 3764.03, 7128.33, 4340.95, 2418.74, 4096.9, 3882.89, 4190.46, 6133.45, 5759.92, 7115.0, 7047.44, 5116.18, 5197.55, 6352.48, 2979.75, 2771.75, 3081.69, 3182.29, 1585.28, 4757.85, 3959.06, 6571.38, 6208.86, 6901.53, 6780.87, 6499.37, 6418.81, 4470.23, 3143.43, 3392.33, 3693.25, 5264.19, 6373.96, 7516.47, 7285.07, 6353.42, 6952.08, 5328.41, 7089.2, 7375.26, 7245.29, 7024.78, 5696.61, 6121.18, 920.44, 7014.32, 7189.88, 3809.2, 6507.4], [4593.48, 4330.39, 4289.58, 5345.65, 6036.73, 5263.57, 3681.02, 1441.22, 0.0, 137.93, 890.98, 6140.22, 6314.58, 6191.28, 5703.77, 5793.26, 5431.96, 3998.25, 4071.55, 3927.29, 398.02, 1397.98, 1019.35, 1170.53, 1701.25, 2057.72, 1938.59, 4787.03, 5225.45, 6232.42, 5969.76, 608.27, 450.34, 307.74, 2016.54, 1256.04, 1318.54, 1507.37, 1415.23, 1664.14, 1746.74, 2059.24, 2129.69, 2093.71, 2376.84, 2646.77, 1492.16, 1869.09, 2880.15, 2823.47, 3046.76, 4824.25, 4610.13, 4953.01, 4812.37, 6192.87, 6213.18, 3357.49, 3818.84, 4078.65, 4899.01, 3441.22, 3507.69, 3557.43, 3743.87, 3963.09, 3722.8, 4203.9, 4390.15, 3704.92, 3944.13, 4179.43, 4162.06, 3919.89, 4380.56, 4532.09, 4869.15, 4759.79, 4670.28, 4460.05, 4273.72, 4789.88, 4773.26, 5038.55, 5888.08, 5740.99, 5520.69, 6014.53, 5704.18, 6322.0, 6598.27, 6541.56, 6527.73, 5143.27, 1016.94, 1675.24, 4553.86, 705.43, 2675.88, 3888.93, 4655.2, 4196.86, 5332.56, 4883.42, 1284.14, 2266.16, 2172.19, 2091.4, 2014.06, 3401.67, 4901.35, 4692.41, 970.99, 1806.52, 1554.96, 1303.62, 3598.38, 4582.95, 4103.18, 6620.28, 5085.95, 980.67, 4423.1, 4035.7, 4117.75, 5421.53, 4735.62, 6128.5, 6109.78, 4083.68, 4171.48, 5057.59, 2099.82, 1477.41, 2892.45, 2886.86, 1820.67, 4214.59, 2640.14, 5451.59, 5119.0, 5775.86, 5869.91, 5890.49, 5640.99, 3203.84, 1718.37, 1981.12, 2302.79, 3943.26, 5087.17, 6811.27, 6309.51, 5152.88, 5834.16, 4003.57, 6272.68, 6512.36, 6233.72, 5958.62, 4369.84, 4792.84, 1912.31, 6297.42, 6387.73, 2459.67, 5852.28], [4731.33, 4456.81, 4419.87, 5435.92, 6132.77, 5365.02, 3754.63, 1322.73, 137.93, 0.0, 990.56, 6227.8, 6411.15, 6292.66, 5804.38, 5890.6, 5517.26, 3982.79, 4034.61, 3892.37, 267.22, 1509.95, 1157.18, 1308.42, 1839.18, 2195.55, 2073.99, 4924.93, 5290.07, 6355.66, 6097.53, 474.66, 583.87, 412.65, 1929.04, 1212.17, 1269.24, 1495.82, 1434.05, 1712.51, 1768.34, 2073.73, 2178.74, 2127.25, 2410.65, 2679.04, 1602.0, 1973.82, 2963.23, 2880.45, 3119.18, 4959.41, 4743.19, 5086.44, 4942.4, 6321.59, 6340.02, 3323.31, 3783.1, 4048.39, 4872.14, 3452.46, 3504.99, 3538.63, 3756.17, 3963.78, 3719.89, 4208.25, 4399.36, 3774.55, 4026.05, 4257.38, 4230.83, 3973.94, 4437.88, 4589.57, 4934.43, 4795.66, 4719.93, 4557.23, 4366.58, 4883.88, 4854.31, 5122.61, 5976.51, 5826.62, 5629.4, 6129.67, 5812.1, 6430.05, 6705.63, 6645.39, 6648.78, 5124.98, 898.36, 1611.53, 4526.35, 825.69, 2728.72, 3914.31, 4683.53, 4239.68, 5468.0, 4854.83, 1186.59, 2390.55, 2304.92, 2226.5, 2140.94, 3478.21, 5038.81, 4829.65, 879.04, 1715.34, 1446.47, 1231.76, 3638.49, 4603.18, 4119.16, 6717.27, 5066.17, 1108.62, 4441.93, 4068.8, 4171.87, 5531.64, 4864.48, 6256.43, 6235.05, 4212.26, 4299.82, 5195.52, 2211.03, 1614.35, 2948.72, 2952.87, 1816.47, 4309.27, 2778.07, 5585.4, 5251.37, 5910.04, 5993.45, 5993.91, 5755.92, 3341.3, 1850.24, 2115.23, 2438.77, 4081.12, 5225.08, 6922.61, 6436.98, 5289.35, 5968.05, 4141.39, 6390.81, 6633.57, 6363.0, 6090.37, 4507.6, 4930.54, 1840.64, 6409.02, 6505.06, 2597.35, 5958.99], [4010.68, 4122.73, 4014.21, 5517.16, 6149.77, 5337.28, 4011.0, 2306.82, 890.98, 990.56, 0.0, 6323.83, 6419.77, 6253.32, 5779.1, 5897.58, 5642.48, 4749.46, 4883.62, 4734.95, 1247.21, 539.14, 801.78, 834.31, 1277.79, 1619.93, 1651.96, 4244.49, 5586.33, 6043.78, 5713.59, 1309.54, 550.55, 583.39, 2907.01, 2109.85, 2178.92, 2290.06, 2115.15, 2230.68, 2417.68, 2742.31, 2662.95, 2700.31, 2970.34, 3237.77, 1677.73, 2052.65, 3170.58, 3283.76, 3404.51, 4423.29, 4269.1, 4597.25, 4531.81, 5917.83, 5969.78, 4166.76, 4629.16, 4873.17, 5679.85, 4103.24, 4220.92, 4322.78, 4397.15, 4658.86, 4434.27, 4883.29, 5048.32, 4060.85, 4207.99, 4467.0, 4513.22, 4366.91, 4799.7, 4947.74, 5230.72, 5292.07, 5129.66, 4587.68, 4442.96, 4938.87, 5026.56, 5264.47, 6067.6, 5944.85, 5517.95, 5933.49, 5707.23, 6316.19, 6596.8, 6576.18, 6366.45, 5896.48, 1884.28, 2549.84, 5338.17, 275.97, 3164.6, 4483.73, 5225.94, 4700.93, 4916.1, 5669.35, 2173.84, 2180.95, 1938.5, 1798.84, 1912.95, 3719.39, 4403.07, 4210.76, 1861.77, 2697.49, 2436.91, 2187.78, 4127.51, 5192.03, 4736.4, 6718.56, 5844.25, 389.21, 5040.18, 4591.76, 4560.45, 5405.36, 4478.16, 5867.73, 5892.34, 3844.84, 3934.87, 4495.35, 2195.55, 1194.32, 3354.26, 3291.53, 2572.68, 4369.67, 2132.49, 5079.48, 4785.54, 5390.65, 5681.02, 5936.43, 5567.28, 2740.54, 1034.41, 1323.27, 1676.98, 3371.05, 4534.8, 6765.17, 6054.68, 4701.81, 5455.55, 3423.85, 6152.15, 6349.11, 5948.18, 5627.97, 3778.08, 4190.22, 2793.78, 6253.7, 6276.05, 1910.43, 5865.8], [4989.6, 3021.83, 3353.16, 806.91, 514.12, 1177.35, 2538.06, 6536.07, 6140.22, 6227.8, 6323.83, 0.0, 577.92, 857.83, 884.19, 668.15, 720.08, 4448.27, 5087.3, 5015.79, 6311.81, 6259.82, 5522.06, 5507.97, 5226.67, 5029.57, 4810.85, 4755.41, 1469.01, 2585.71, 3006.32, 6627.64, 5983.47, 6197.47, 6115.04, 5628.39, 5657.83, 5214.89, 5026.8, 4619.74, 4752.81, 4601.73, 4199.08, 4371.42, 4146.35, 3962.85, 4692.99, 4304.99, 3267.35, 3508.37, 3156.82, 3900.63, 3592.91, 3626.73, 3221.18, 3171.59, 2957.95, 4997.86, 5034.3, 4885.75, 4877.93, 3884.83, 4192.56, 4587.35, 3740.22, 3990.55, 4142.11, 3836.98, 3653.94, 2560.53, 2214.12, 2015.67, 2159.54, 2641.61, 2230.16, 2121.89, 1670.73, 2688.82, 2271.35, 1747.17, 1882.25, 1389.15, 1408.62, 1118.41, 256.43, 414.66, 1425.17, 1833.7, 1324.81, 1343.6, 1388.22, 1125.88, 2463.24, 4617.54, 6399.88, 5743.04, 4842.78, 6095.17, 3683.24, 3344.09, 2974.32, 2727.18, 4000.29, 4935.64, 6188.08, 4190.64, 4529.6, 4705.11, 4445.94, 2782.4, 4487.19, 4378.78, 6112.67, 6153.33, 6396.39, 5891.24, 3161.09, 3260.97, 3519.06, 763.65, 4660.93, 5953.2, 3343.52, 3071.91, 2494.3, 1544.43, 3115.56, 3061.3, 2762.89, 3277.4, 3225.94, 4919.79, 4130.46, 5178.55, 3455.18, 3361.35, 4961.91, 1954.16, 4925.73, 3723.44, 3481.67, 3848.18, 2549.57, 998.31, 1822.27, 4557.49, 5746.45, 5600.65, 5413.25, 4908.17, 4858.72, 1771.88, 3057.3, 4207.66, 3813.36, 4946.91, 2125.37, 2472.67, 3252.84, 3508.56, 5025.46, 5144.74, 5840.0, 1601.19, 2086.04, 5125.25, 1219.42], [4705.63, 2818.57, 3132.33, 1037.77, 280.13, 1089.56, 2839.5, 6822.76, 6314.58, 6411.15, 6419.77, 577.92, 0.0, 338.82, 659.66, 523.16, 1096.02, 4935.74, 5576.86, 5497.29, 6516.53, 6307.56, 5622.07, 5590.93, 5263.05, 5033.26, 4846.33, 4447.69, 1993.9, 2076.69, 2538.02, 6830.94, 6120.23, 6344.77, 6455.59, 5906.38, 5942.18, 5502.06, 5288.5, 4868.37, 5035.42, 4914.6, 4473.26, 4665.84, 4461.33, 4301.49, 4837.86, 4452.12, 3486.11, 3811.12, 3424.69, 3584.78, 3311.19, 3295.83, 2919.64, 2680.73, 2459.75, 5441.83, 5508.98, 5377.16, 5411.93, 4318.42, 4640.75, 5044.38, 4198.81, 4472.65, 4607.31, 4335.46, 4164.09, 2884.08, 2479.45, 2327.84, 2530.07, 3047.86, 2675.94, 2584.71, 2146.41, 3212.86, 2769.44, 1854.6, 2051.98, 1532.68, 1750.61, 1452.69, 651.34, 864.12, 1113.67, 1348.07, 958.72, 792.83, 810.76, 548.15, 1918.79, 5164.24, 6655.93, 6058.99, 5360.75, 6206.08, 3985.72, 3803.32, 3495.45, 3190.09, 3622.45, 5468.35, 6470.59, 4249.53, 4557.51, 4727.78, 4513.66, 3051.14, 4163.81, 4078.57, 6370.47, 6477.38, 6696.21, 6177.0, 3570.29, 3780.85, 4004.7, 307.19, 5204.94, 6039.76, 3852.4, 3534.98, 2921.18, 1247.35, 2831.1, 2575.08, 2272.7, 3098.84, 3035.39, 4586.37, 4250.39, 5246.55, 3764.66, 3642.45, 5270.15, 2103.37, 4862.79, 3328.45, 3129.14, 3417.82, 2089.7, 612.05, 1422.83, 4437.88, 5763.57, 5593.15, 5375.13, 4694.29, 4521.06, 1193.96, 2551.14, 3852.88, 3375.94, 4726.36, 1600.88, 1929.96, 2759.63, 3051.09, 4765.63, 4842.71, 6175.03, 1061.07, 1545.93, 5076.85, 810.05], [4390.38, 2537.45, 2842.28, 1071.55, 377.0, 927.71, 2822.5, 6766.37, 6191.28, 6292.66, 6253.32, 857.83, 338.82, 0.0, 490.41, 474.77, 1204.86, 5042.46, 5683.24, 5596.08, 6410.16, 6117.03, 5460.66, 5420.77, 5070.8, 4826.26, 4655.65, 4126.92, 2164.69, 1745.32, 2199.85, 6722.74, 5976.61, 6206.15, 6436.97, 5847.57, 5887.35, 5451.01, 5222.12, 4796.14, 4983.81, 4883.71, 4419.82, 4624.21, 4434.81, 4292.36, 4704.7, 4322.73, 3407.48, 3781.93, 3377.23, 3263.82, 3000.34, 2972.03, 2604.79, 2345.56, 2125.92, 5506.9, 5601.27, 5486.07, 5568.07, 4380.51, 4713.15, 5122.48, 4282.81, 4576.4, 4694.8, 4455.86, 4297.41, 2880.88, 2446.95, 2329.16, 2565.79, 3100.55, 2764.84, 2688.95, 2269.78, 3367.38, 2902.05, 1749.05, 1974.5, 1465.7, 1791.73, 1505.67, 847.85, 1042.49, 823.9, 1010.28, 651.35, 487.47, 591.9, 390.64, 1605.93, 5338.19, 6580.4, 6024.74, 5497.82, 6048.21, 3954.69, 3890.69, 3644.65, 3286.29, 3288.96, 5622.71, 6412.6, 4074.31, 4364.71, 4531.45, 4341.19, 3009.51, 3839.88, 3760.36, 6297.01, 6447.18, 6648.88, 6122.17, 3619.06, 3926.83, 4114.5, 519.67, 5374.98, 5869.72, 3986.18, 3627.91, 2991.42, 958.05, 2521.73, 2239.01, 1937.02, 2824.89, 2757.3, 4259.68, 4107.45, 5070.21, 3740.4, 3600.89, 5234.19, 2012.09, 4626.21, 2992.9, 2801.01, 3079.26, 1750.94, 328.57, 1092.65, 4179.32, 5560.0, 5378.62, 5147.45, 4400.0, 4193.59, 971.62, 2219.49, 3522.98, 3037.18, 4429.78, 1274.74, 1615.7, 2424.99, 2712.5, 4456.93, 4522.69, 6153.51, 743.76, 1229.3, 4845.76, 490.92], [4119.8, 2185.18, 2507.7, 683.57, 433.41, 442.55, 2350.82, 6278.6, 5703.77, 5804.38, 5779.1, 884.19, 659.66, 490.41, 0.0, 216.28, 890.63, 4644.5, 5282.92, 5189.28, 5920.46, 5655.63, 4984.03, 4948.0, 4610.2, 4376.06, 4193.89, 3878.39, 1873.29, 1806.72, 2168.56, 6233.24, 5493.86, 5722.05, 5958.65, 5359.66, 5400.08, 4964.6, 4733.32, 4306.79, 4497.52, 4402.68, 3933.5, 4140.44, 3955.63, 3819.83, 4218.79, 3835.86, 2917.98, 3302.84, 2893.39, 3020.78, 2721.49, 2744.13, 2343.24, 2354.98, 2154.07, 5073.61, 5188.89, 5088.63, 5219.52, 3948.32, 4287.49, 4699.94, 3868.1, 4177.59, 4281.28, 4073.59, 3929.42, 2415.37, 1970.65, 1869.89, 2126.04, 2668.25, 2366.12, 2306.14, 1915.61, 3031.36, 2546.33, 1258.73, 1487.02, 984.2, 1369.38, 1104.6, 731.71, 852.1, 541.59, 1053.92, 466.16, 797.98, 1009.29, 866.38, 1765.54, 5012.36, 6090.48, 5541.95, 5128.27, 5570.35, 3474.72, 3480.84, 3299.41, 2888.71, 3117.0, 5271.89, 5924.67, 3603.41, 3904.2, 4073.37, 3869.06, 2528.05, 3606.57, 3503.24, 5807.27, 5965.3, 6162.77, 5634.83, 3180.71, 3575.44, 3723.74, 944.06, 5044.03, 5397.03, 3620.71, 3224.63, 2573.81, 660.61, 2241.99, 2240.93, 1952.48, 2457.52, 2397.97, 4037.88, 3623.78, 4600.37, 3263.09, 3118.29, 4751.44, 1522.49, 4203.57, 2843.14, 2597.49, 2979.13, 1711.46, 258.58, 958.79, 3784.61, 5107.37, 4934.64, 4715.48, 4070.11, 3976.2, 1351.07, 2262.8, 3323.55, 2947.86, 4105.21, 1395.59, 1769.6, 2437.91, 2657.11, 4164.88, 4269.59, 5674.41, 964.54, 1397.43, 4417.24, 419.74], [4330.2, 2383.46, 2709.32, 597.88, 255.38, 579.52, 2358.92, 6322.62, 5793.26, 5890.6, 5897.58, 668.15, 523.16, 474.77, 216.28, 0.0, 755.1, 4573.13, 5213.5, 5124.85, 5998.45, 5790.09, 5099.49, 5069.37, 4746.59, 4522.44, 4329.65, 4091.29, 1734.79, 1993.51, 2373.23, 6312.51, 5597.14, 5821.9, 5976.5, 5404.78, 5442.48, 5004.02, 4783.26, 4360.49, 4536.86, 4427.27, 3973.45, 4172.25, 3976.34, 3827.77, 4315.21, 3929.72, 2974.74, 3323.99, 2926.9, 3234.69, 2932.19, 2959.2, 2556.31, 2554.02, 2349.15, 5032.19, 5128.93, 5017.0, 5116.12, 3905.79, 4238.86, 4648.55, 3809.78, 4106.69, 4222.07, 3990.73, 3837.01, 2413.26, 1988.38, 1859.53, 2091.42, 2625.78, 2293.98, 2222.01, 1811.43, 2918.94, 2444.63, 1333.38, 1538.45, 1020.81, 1316.98, 1032.2, 522.54, 662.89, 757.84, 1236.19, 672.4, 889.69, 1055.5, 864.67, 1927.76, 4896.41, 6147.49, 5570.22, 5037.51, 5683.19, 3497.65, 3418.35, 3192.59, 2816.16, 3333.27, 5169.82, 5969.59, 3729.35, 4041.72, 4213.05, 3992.82, 2555.94, 3820.82, 3715.57, 5862.75, 5991.13, 6200.52, 5677.39, 3144.37, 3472.52, 3646.67, 827.18, 4930.8, 5518.08, 3526.45, 3156.74, 2517.55, 876.3, 2453.34, 2440.84, 2148.98, 2650.59, 2593.63, 4252.68, 3727.23, 4726.12, 3280.52, 3148.04, 4780.06, 1585.78, 4369.32, 3058.97, 2813.54, 3192.49, 1915.53, 392.56, 1169.13, 3964.77, 5250.77, 5085.34, 4874.87, 4270.3, 4191.27, 1423.17, 2455.45, 3539.51, 3160.35, 4306.55, 1564.7, 1933.45, 2636.61, 2865.91, 4372.24, 4481.85, 5694.0, 1095.42, 1553.49, 4579.18, 597.85], [4638.49, 2624.35, 2963.35, 267.68, 853.54, 875.46, 1818.22, 5816.95, 5431.96, 5517.26, 5642.48, 720.08, 1096.02, 1204.86, 890.63, 755.1, 0.0, 3847.38, 4488.63, 4405.97, 5596.9, 5602.24, 4841.24, 4835.1, 4580.12, 4404.76, 4167.43, 4438.73, 983.74, 2680.6, 2995.65, 5912.76, 5286.84, 5496.91, 5405.39, 4908.57, 4938.35, 4495.48, 4306.8, 3900.46, 4033.02, 3884.93, 3479.0, 3652.26, 3429.54, 3250.87, 3996.86, 3609.49, 2554.45, 2789.43, 2437.16, 3613.32, 3269.54, 3368.12, 2936.96, 3200.31, 3011.08, 4346.11, 4415.65, 4290.05, 4364.6, 3223.44, 3544.73, 3948.55, 3103.36, 3382.72, 3512.57, 3254.45, 3092.99, 1842.97, 1496.53, 1295.86, 1454.04, 1957.61, 1580.34, 1492.99, 1065.46, 2165.36, 1697.25, 1122.33, 1206.23, 767.97, 689.96, 398.53, 487.15, 309.69, 1332.48, 1937.3, 1329.23, 1644.71, 1796.5, 1578.67, 2655.86, 4141.54, 5679.88, 5027.45, 4293.24, 5408.08, 2964.41, 2708.21, 2440.86, 2096.47, 3799.83, 4418.87, 5468.6, 3538.11, 3893.01, 4070.42, 3786.44, 2063.05, 4196.56, 4059.35, 5392.66, 5439.56, 5678.58, 5171.91, 2480.1, 2722.36, 2917.24, 1375.78, 4176.32, 5277.1, 2781.61, 2440.82, 1826.01, 1406.91, 2813.26, 3084.48, 2807.62, 2842.56, 2806.1, 4635.19, 3446.94, 4514.63, 2736.94, 2641.28, 4244.64, 1287.93, 4350.48, 3557.65, 3258.8, 3738.09, 2546.43, 1132.82, 1783.68, 4035.27, 5108.73, 4979.54, 4814.86, 4475.86, 4581.06, 2172.15, 3124.4, 3967.49, 3716.78, 4521.44, 2284.69, 2659.63, 3283.69, 3458.19, 4644.17, 4814.39, 5128.68, 1844.73, 2287.92, 4536.82, 1309.89], [6563.36, 4988.94, 5217.87, 3976.83, 4700.88, 4371.12, 2565.95, 3341.3, 3998.25, 3982.79, 4749.46, 4448.27, 4935.74, 5042.46, 4644.5, 4573.13, 3847.38, 0.0, 641.27, 572.58, 3863.73, 5080.55, 4213.32, 4336.65, 4528.57, 4657.99, 4321.19, 6552.99, 2988.77, 6176.42, 6268.93, 4098.97, 4201.48, 4255.86, 2569.86, 2797.15, 2758.14, 2490.87, 2634.43, 2601.53, 2344.35, 2023.01, 2298.67, 2145.68, 1942.99, 1743.72, 3464.01, 3317.35, 2745.49, 2124.58, 2463.31, 6034.02, 5661.45, 5947.63, 5560.41, 6516.87, 6397.11, 822.64, 612.94, 444.14, 968.49, 900.56, 595.62, 452.04, 814.79, 466.91, 442.53, 626.82, 851.28, 2448.78, 2914.64, 2872.19, 2560.5, 2021.43, 2279.9, 2354.76, 2789.62, 1809.65, 2177.07, 3703.57, 3442.9, 3767.75, 3276.39, 3544.19, 4290.89, 4077.6, 4870.4, 5550.85, 4966.81, 5441.93, 5628.63, 5423.77, 6281.33, 1147.57, 3497.21, 2527.84, 666.19, 4479.13, 2087.21, 1172.31, 1530.79, 1757.2, 6459.52, 976.22, 3122.1, 3904.13, 4246.01, 4361.39, 3935.19, 2601.89, 6465.7, 6249.94, 3281.6, 2739.99, 3126.29, 2892.28, 1581.49, 1261.18, 931.1, 5194.64, 1094.98, 4578.66, 1135.2, 1420.13, 2079.22, 4864.57, 5421.48, 6407.25, 6208.42, 4968.32, 5008.14, 6836.38, 3466.05, 4268.73, 2091.05, 2316.67, 2183.81, 3481.75, 5064.23, 6367.7, 5974.61, 6663.73, 5910.82, 4903.06, 5258.45, 5236.0, 4977.31, 5068.43, 5175.04, 6052.65, 6819.61, 5991.04, 6519.4, 6465.33, 6680.63, 6121.39, 5911.22, 6278.17, 6592.87, 6574.38, 6430.4, 6792.71, 2420.92, 5592.28, 5958.4, 5077.15, 5021.34], [7036.46, 5544.97, 5757.98, 4616.88, 5342.12, 5003.56, 3162.31, 3199.57, 4071.55, 4034.61, 4883.62, 5087.3, 5576.86, 5683.24, 5282.92, 5213.5, 4488.63, 641.27, 0.0, 155.56, 3878.36, 5265.0, 4432.73, 4570.39, 4824.27, 4992.36, 4662.3, 7046.81, 3625.21, 6795.09, 6871.23, 4076.68, 4333.55, 4351.78, 2386.15, 2822.65, 2768.76, 2593.8, 2803.94, 2866.72, 2561.31, 2263.0, 2647.35, 2451.48, 2303.91, 2156.86, 3766.79, 3677.22, 3251.1, 2614.4, 2992.48, 6568.97, 6201.98, 6498.58, 6122.82, 7120.43, 7006.71, 716.86, 254.64, 203.2, 897.14, 1444.91, 1092.65, 717.25, 1430.11, 1106.86, 1023.77, 1254.19, 1460.23, 3049.65, 3522.47, 3495.25, 3189.09, 2646.25, 2919.78, 2995.94, 3430.61, 2433.45, 2815.97, 4319.95, 4056.62, 4397.24, 3914.07, 4183.86, 4931.64, 4718.29, 5499.89, 6179.89, 5599.82, 6080.63, 6268.97, 6064.86, 6908.16, 1251.18, 3426.61, 2469.83, 573.07, 4623.12, 2546.16, 1804.82, 2150.17, 2397.35, 7008.78, 861.83, 3039.85, 4306.75, 4621.26, 4719.93, 4304.37, 3171.16, 6977.29, 6758.06, 3250.86, 2585.36, 2980.23, 2855.84, 2183.08, 1871.57, 1572.16, 5835.02, 1174.36, 4760.04, 1759.26, 2058.4, 2713.58, 5490.68, 5985.68, 7012.1, 6820.36, 5505.12, 5550.18, 7333.9, 3858.74, 4550.56, 2592.13, 2822.07, 2328.34, 4090.88, 5441.46, 6931.7, 6536.74, 7233.93, 6522.53, 5541.43, 5881.97, 5667.11, 5233.76, 5355.14, 5497.35, 6499.43, 7321.38, 6630.47, 7128.85, 6999.39, 7253.94, 6568.88, 6539.48, 6904.55, 7195.3, 7161.63, 6891.09, 7266.86, 2304.94, 6228.26, 6589.13, 5430.03, 5657.13], [6887.61, 5409.7, 5619.21, 4527.41, 5258.89, 4901.84, 3041.33, 3081.75, 3927.29, 3892.37, 4734.95, 5015.79, 5497.29, 5596.08, 5189.28, 5124.85, 4405.97, 572.58, 155.56, 0.0, 3739.88, 5113.26, 4279.01, 4416.19, 4668.78, 4836.89, 4506.95, 6900.3, 3559.16, 6681.87, 6749.73, 3942.89, 4184.67, 4205.76, 2272.96, 2681.07, 2628.62, 2444.89, 2651.34, 2711.28, 2406.64, 2107.65, 2492.81, 2296.1, 2150.19, 2006.53, 3611.23, 3522.48, 3108.55, 2470.81, 2854.26, 6428.89, 6063.1, 6361.74, 5988.79, 6999.39, 6888.49, 569.87, 111.44, 207.01, 1010.34, 1317.18, 961.91, 572.43, 1324.99, 1025.57, 913.27, 1198.76, 1417.67, 2930.66, 3405.73, 3387.03, 3085.43, 2540.73, 2831.24, 2913.18, 3352.88, 2381.87, 2745.63, 4206.72, 3942.19, 4293.09, 3819.9, 4093.6, 4854.59, 4641.61, 5395.07, 6074.38, 5498.41, 5987.25, 6179.83, 5979.46, 6800.56, 1342.47, 3298.22, 2337.03, 671.84, 4473.6, 2399.03, 1708.43, 2102.02, 2310.44, 6871.41, 981.19, 2912.23, 4153.49, 4466.73, 4564.9, 4149.72, 3041.51, 6833.22, 6613.54, 3116.73, 2467.8, 2862.54, 2721.48, 2066.83, 1829.27, 1496.74, 5759.34, 1268.46, 4608.26, 1707.12, 1968.19, 2616.35, 5383.06, 5852.16, 6891.67, 6703.38, 5365.83, 5411.9, 7187.79, 3705.18, 4395.2, 2450.17, 2680.23, 2176.28, 3974.09, 5286.84, 6797.77, 6402.49, 7101.51, 6405.53, 5447.58, 5772.26, 5515.08, 5079.02, 5199.79, 5341.8, 6348.34, 7175.83, 6538.59, 7010.53, 6859.01, 7122.37, 6417.83, 6433.17, 6796.59, 7073.75, 7034.36, 6741.08, 7118.07, 2179.8, 6130.27, 6485.03, 5274.79, 5559.1], [4982.0, 4646.53, 4623.06, 5527.35, 6237.14, 5483.75, 3811.94, 1060.13, 398.02, 267.22, 1247.21, 6311.81, 6516.53, 6410.16, 5920.46, 5998.45, 5596.9, 3863.73, 3878.36, 3739.88, 0.0, 1772.67, 1404.29, 1560.26, 2087.37, 2440.58, 2301.85, 5170.07, 5323.98, 6533.57, 6290.51, 315.86, 848.28, 676.86, 1701.42, 1067.66, 1113.14, 1404.29, 1402.3, 1733.04, 1734.85, 2021.97, 2194.11, 2112.06, 2393.02, 2656.12, 1756.65, 2112.4, 3044.95, 2906.3, 3176.56, 5182.92, 4957.03, 5301.69, 5144.2, 6517.8, 6529.68, 3173.84, 3629.52, 3903.4, 4731.18, 3384.33, 3410.63, 3415.08, 3688.82, 3874.0, 3624.31, 4124.5, 4324.18, 3823.14, 4101.07, 4322.8, 4276.1, 3988.69, 4458.11, 4609.76, 4970.46, 4771.06, 4723.47, 4666.72, 4466.09, 4985.1, 4925.35, 5200.06, 6062.84, 5906.59, 5766.48, 6283.78, 5946.9, 6564.6, 6838.12, 6768.79, 6819.77, 4998.39, 637.06, 1423.86, 4384.97, 1092.38, 2746.99, 3871.54, 4644.3, 4230.52, 5692.72, 4710.96, 950.04, 2578.22, 2520.7, 2452.56, 2337.23, 3543.04, 5277.48, 5066.35, 657.35, 1483.65, 1193.56, 1036.25, 3625.93, 4548.42, 4057.6, 6823.39, 4937.07, 1375.69, 4384.9, 4040.7, 4186.17, 5672.52, 5062.11, 6449.91, 6419.53, 4409.59, 4496.2, 5442.82, 2363.76, 1852.03, 2972.67, 2997.33, 1732.74, 4413.24, 3026.12, 5802.1, 5462.02, 6128.27, 6172.55, 6116.89, 5909.75, 3580.75, 2116.04, 2379.08, 2699.46, 4331.78, 5471.03, 7065.6, 6628.75, 5520.2, 6184.97, 4392.8, 6553.28, 6805.04, 6561.22, 6298.09, 4759.71, 5183.27, 1637.59, 6553.1, 6665.1, 2850.81, 6090.49], [3547.13, 3858.7, 3713.41, 5454.68, 6044.85, 5218.29, 4071.81, 2832.3, 1397.98, 1509.95, 539.14, 6259.82, 6307.56, 6117.03, 5655.63, 5790.09, 5602.24, 5080.55, 5265.0, 5113.26, 1772.67, 0.0, 893.75, 819.53, 1046.27, 1325.27, 1461.8, 3798.01, 5640.49, 5765.85, 5401.57, 1848.54, 989.91, 1097.31, 3397.18, 2557.17, 2630.73, 2682.26, 2463.6, 2498.11, 2736.56, 3057.65, 2890.24, 2969.96, 3222.9, 3481.04, 1783.69, 2116.09, 3232.0, 3444.5, 3498.74, 4046.99, 3927.28, 4243.04, 4219.68, 5593.9, 5662.49, 4550.6, 5010.56, 5239.01, 6029.08, 4376.16, 4528.63, 4668.89, 4659.9, 4948.82, 4738.2, 5158.98, 5307.04, 4136.6, 4223.68, 4492.05, 4576.93, 4493.73, 4901.54, 5045.15, 5289.79, 5461.22, 5252.74, 4512.79, 4396.01, 4870.91, 5020.97, 5238.57, 6003.67, 5897.08, 5351.46, 5717.11, 5541.92, 6139.54, 6420.21, 6420.82, 6100.98, 6221.26, 2408.17, 3011.85, 5692.3, 698.79, 3346.53, 4705.21, 5421.8, 4859.06, 4526.5, 6023.04, 2679.12, 2069.24, 1752.32, 1587.17, 1815.93, 3779.95, 3976.82, 3794.84, 2363.74, 3193.41, 2952.87, 2666.03, 4311.4, 5414.64, 4980.9, 6599.61, 6173.53, 505.01, 5269.97, 4785.75, 4681.16, 5232.4, 4179.74, 5551.89, 5599.87, 3568.41, 3657.84, 4037.6, 2194.31, 1091.29, 3513.79, 3417.99, 2937.03, 4315.59, 1750.34, 4711.4, 4441.12, 5013.05, 5406.29, 5793.83, 5358.99, 2361.81, 618.05, 891.32, 1241.53, 2919.38, 4081.34, 6561.5, 5740.52, 4296.5, 5080.82, 2967.76, 5911.29, 6082.69, 5618.4, 5276.86, 3312.39, 3716.26, 3263.33, 6055.68, 6039.09, 1513.02, 5704.88], [3577.77, 3403.72, 3329.27, 4715.42, 5351.13, 4541.8, 3229.72, 2370.09, 1019.35, 1157.18, 801.78, 5522.06, 5622.07, 5460.66, 4984.03, 5099.49, 4841.24, 4213.32, 4432.73, 4279.01, 1404.29, 893.75, 0.0, 167.62, 683.1, 1038.37, 945.8, 3767.86, 4804.91, 5323.16, 5024.57, 1621.37, 610.81, 857.3, 2769.61, 1860.46, 1939.45, 1893.59, 1634.38, 1616.72, 1878.33, 2193.16, 1997.5, 2085.75, 2333.2, 2589.22, 905.62, 1264.54, 2387.34, 2557.19, 2636.34, 3822.05, 3625.23, 3964.35, 3852.15, 5239.46, 5274.84, 3724.77, 4179.59, 4393.89, 5169.76, 3488.34, 3651.9, 3812.2, 3769.54, 4064.64, 3859.35, 4270.68, 4415.47, 3285.72, 3413.51, 3675.14, 3733.98, 3619.09, 4038.36, 4184.33, 4450.72, 4574.58, 4380.67, 3786.73, 3641.22, 4137.37, 4228.85, 4464.23, 5265.84, 5143.31, 4735.63, 5172.55, 4924.09, 5536.1, 5816.21, 5788.38, 5635.07, 5348.21, 1962.38, 2326.62, 4837.09, 590.02, 2455.02, 3811.47, 4530.19, 3974.64, 4327.84, 5166.61, 2130.05, 1398.41, 1208.39, 1100.16, 1129.84, 2937.36, 3883.22, 3675.5, 1822.71, 2589.66, 2434.4, 2033.76, 3420.76, 4520.94, 4087.92, 5921.82, 5302.73, 446.26, 4376.23, 3894.02, 3809.26, 4625.76, 3785.63, 5181.54, 5184.46, 3139.43, 3228.85, 4039.21, 1394.38, 469.72, 2626.92, 2541.15, 2111.52, 3567.91, 1622.02, 4459.16, 4138.61, 4780.28, 4959.55, 5145.79, 4803.21, 2185.93, 836.73, 1042.52, 1324.34, 2927.58, 4068.22, 5995.79, 5365.82, 4140.82, 4840.65, 2988.81, 5404.81, 5618.49, 5275.73, 4981.61, 3356.0, 3779.86, 2586.84, 5482.75, 5525.89, 1449.36, 5080.84], [3423.0, 3311.74, 3223.84, 4701.08, 5322.26, 4506.61, 3260.53, 2535.8, 1170.53, 1308.42, 834.31, 5507.97, 5590.93, 5420.77, 4948.0, 5069.37, 4835.1, 4336.65, 4570.39, 4416.19, 1560.26, 819.53, 167.62, 0.0, 533.1, 893.03, 839.08, 3618.43, 4832.84, 5233.27, 4922.25, 1766.58, 744.93, 985.42, 2936.01, 2024.69, 2103.86, 2046.84, 1779.27, 1735.56, 2011.13, 2321.6, 2097.01, 2199.84, 2439.18, 2690.2, 965.54, 1298.99, 2418.92, 2627.78, 2680.77, 3694.03, 3507.51, 3844.16, 3745.61, 5133.69, 5174.78, 3865.17, 4317.92, 4527.17, 5296.42, 3595.34, 3769.65, 3941.32, 3872.21, 4175.39, 3975.21, 4376.24, 4515.12, 3322.19, 3427.06, 3692.34, 3765.67, 3674.24, 4083.88, 4228.12, 4480.48, 4643.45, 4433.52, 3766.38, 3631.16, 4120.24, 4234.91, 4463.0, 5251.55, 5134.7, 4683.64, 5103.76, 4872.92, 5482.02, 5762.6, 5742.2, 5550.16, 5467.11, 2126.57, 2490.69, 4965.89, 666.58, 2534.18, 3899.98, 4608.37, 4040.54, 4197.66, 5294.61, 2297.54, 1347.11, 1116.29, 991.65, 1079.6, 2968.22, 3740.06, 3534.5, 1989.86, 2756.83, 2601.65, 2200.67, 3497.07, 4608.27, 4183.59, 5888.64, 5423.09, 449.04, 4466.28, 3972.76, 3861.91, 4571.19, 3683.5, 5078.35, 5089.24, 3041.39, 3131.18, 3887.63, 1396.97, 365.46, 2696.77, 2598.5, 2255.44, 3555.01, 1470.42, 4336.38, 4022.41, 4655.45, 4869.85, 5103.15, 4736.43, 2044.44, 678.32, 875.55, 1157.75, 2772.76, 3917.93, 5932.98, 5263.66, 4005.02, 4716.93, 2833.24, 5327.95, 5533.22, 5168.08, 4866.05, 3199.8, 3623.15, 2751.09, 5421.05, 5450.64, 1290.57, 5031.54], [2894.83, 2850.22, 2736.43, 4423.69, 5001.58, 4173.56, 3134.84, 3036.86, 1701.25, 1839.18, 1277.79, 5226.67, 5263.05, 5070.8, 4610.2, 4746.59, 4580.12, 4528.57, 4824.27, 4668.78, 2087.37, 1046.27, 683.1, 533.1, 0.0, 360.87, 417.03, 3086.05, 4680.06, 4769.42, 4435.89, 2299.5, 1277.73, 1516.22, 3377.0, 2450.38, 2530.2, 2404.3, 2103.53, 1957.8, 2277.59, 2562.13, 2234.48, 2387.5, 2589.74, 2816.15, 1064.78, 1272.15, 2315.46, 2647.34, 2611.36, 3171.85, 2998.88, 3331.45, 3254.43, 4641.1, 4691.99, 4136.83, 4576.51, 4761.14, 5496.53, 3728.83, 3943.67, 4161.29, 3985.83, 4317.35, 4139.45, 4496.1, 4611.04, 3213.58, 3244.74, 3517.58, 3635.27, 3621.5, 3994.28, 4131.33, 4336.36, 4626.85, 4364.5, 3479.94, 3375.63, 3839.46, 4020.36, 4224.95, 4970.99, 4870.82, 4306.52, 4685.03, 4496.93, 5096.5, 5377.29, 5375.16, 5095.6, 5633.27, 2635.99, 2910.48, 5177.14, 1169.51, 2585.83, 3960.56, 4624.74, 4019.63, 3672.89, 5500.61, 2778.93, 1043.03, 706.18, 542.32, 810.58, 2848.24, 3207.24, 3002.36, 2479.42, 3210.97, 3087.56, 2653.45, 3519.32, 4657.57, 4267.53, 5554.25, 5595.6, 897.9, 4526.75, 3997.4, 3798.38, 4188.26, 3200.42, 4590.21, 4615.44, 2569.04, 2659.06, 3356.42, 1258.5, 289.05, 2712.04, 2574.04, 2563.83, 3292.21, 939.03, 3819.72, 3515.08, 4136.08, 4407.19, 4747.56, 4323.61, 1512.6, 542.75, 541.87, 701.85, 2244.7, 3385.95, 5525.49, 4777.03, 3475.63, 4198.83, 2306.21, 4890.71, 5077.96, 4672.36, 4358.57, 2673.67, 3097.79, 3170.43, 5017.6, 5016.56, 772.37, 4659.49], [2545.94, 2534.74, 2402.19, 4233.4, 4777.82, 3945.02, 3065.56, 3370.75, 2057.72, 2195.55, 1619.93, 5029.57, 5033.26, 4826.26, 4376.06, 4522.44, 4404.76, 4657.99, 4992.36, 4836.89, 2440.58, 1325.27, 1038.37, 893.03, 360.87, 0.0, 338.93, 2729.77, 4575.73, 4446.97, 4099.03, 2658.25, 1637.95, 1877.04, 3671.86, 2742.17, 2821.64, 2657.78, 2343.47, 2143.71, 2480.85, 2744.34, 2361.24, 2541.22, 2715.96, 2922.26, 1235.39, 1344.85, 2279.66, 2687.41, 2591.67, 2814.16, 2649.34, 2979.01, 2916.16, 4300.02, 4357.15, 4320.62, 4749.05, 4916.59, 5625.93, 3826.95, 4066.05, 4311.63, 4068.3, 4415.58, 4253.75, 4578.36, 4676.56, 3155.1, 3133.5, 3408.24, 3555.88, 3596.19, 3939.45, 4070.22, 4240.6, 4616.58, 4320.49, 3290.39, 3209.75, 3650.83, 3877.66, 4063.93, 4775.55, 4687.59, 4045.78, 4393.64, 4236.2, 4827.06, 5107.24, 5117.76, 4778.86, 5739.51, 2976.26, 3195.1, 5315.44, 1526.95, 2648.59, 4008.12, 4636.81, 4011.69, 3313.83, 5633.88, 3101.26, 924.7, 528.25, 353.79, 763.63, 2788.0, 2847.07, 2641.66, 2807.92, 3514.72, 3411.61, 2959.32, 3546.26, 4691.57, 4327.79, 5318.96, 5706.24, 1248.21, 4569.23, 4020.51, 3763.6, 3923.88, 2867.93, 4252.03, 4286.59, 2246.79, 2336.53, 3002.42, 1254.1, 599.08, 2747.81, 2586.16, 2786.46, 3121.96, 589.08, 3464.7, 3165.78, 3779.5, 4086.16, 4500.26, 4037.45, 1151.77, 735.35, 575.58, 523.68, 1896.83, 3030.49, 5239.87, 4439.62, 3114.97, 3842.88, 1959.83, 4586.07, 4760.78, 4329.29, 4008.54, 2327.98, 2752.61, 3453.06, 4735.95, 4713.82, 462.26, 4400.92], [2744.04, 2474.38, 2385.9, 4008.5, 4584.61, 3756.9, 2761.26, 3173.25, 1938.59, 2073.99, 1651.96, 4810.85, 4846.33, 4655.65, 4193.89, 4329.65, 4167.43, 4321.19, 4662.3, 4506.95, 2301.85, 1461.8, 945.8, 839.08, 417.03, 338.93, 0.0, 2897.72, 4290.64, 4396.15, 4083.56, 2546.74, 1555.15, 1802.57, 3417.27, 2489.24, 2567.79, 2372.14, 2050.84, 1825.08, 2167.55, 2421.69, 2025.97, 2210.87, 2380.05, 2584.09, 921.47, 1006.31, 1960.36, 2351.13, 2267.93, 2885.69, 2680.2, 3020.35, 2908.24, 4296.12, 4335.76, 3995.53, 4420.31, 4583.76, 5288.86, 3488.15, 3728.71, 3978.17, 3729.46, 4076.73, 3915.66, 4239.56, 4338.64, 2846.26, 2850.91, 3124.91, 3256.95, 3275.68, 3630.06, 3763.57, 3950.61, 4292.35, 4007.19, 3064.51, 2964.25, 3424.3, 3615.76, 3815.29, 4555.31, 4456.81, 3895.16, 4286.15, 4085.44, 4687.36, 4968.21, 4962.42, 4715.74, 5400.78, 2794.74, 2932.22, 4979.54, 1505.55, 2310.2, 3671.78, 4306.91, 3686.38, 3394.02, 5297.25, 2885.0, 636.73, 292.11, 154.39, 435.86, 2479.26, 2983.87, 2769.41, 2604.02, 3270.84, 3196.36, 2721.01, 3212.71, 4357.46, 3990.23, 5137.9, 5367.7, 1263.56, 4233.78, 3687.98, 3446.44, 3778.05, 2844.67, 4239.87, 4250.46, 2202.4, 2292.22, 3179.44, 921.33, 477.74, 2412.16, 2254.37, 2481.1, 2879.83, 830.68, 3516.67, 3193.06, 3839.38, 4032.91, 4332.95, 3922.23, 1297.08, 942.84, 861.22, 862.24, 2104.02, 3200.74, 5122.84, 4424.95, 3218.36, 3898.73, 2170.42, 4500.47, 4698.56, 4331.42, 4035.89, 2536.88, 2959.81, 3187.13, 4613.39, 4624.76, 770.34, 4247.34], [334.22, 1840.45, 1510.4, 4178.22, 4298.59, 3612.72, 4174.17, 6070.9, 4787.03, 4924.93, 4244.49, 4755.41, 4447.69, 4126.92, 3878.39, 4091.29, 4438.73, 6552.99, 7046.81, 6900.3, 5170.07, 3798.01, 3767.86, 3618.43, 3086.05, 2729.77, 2897.72,