{"number_units": 137, "Distance": [[0.0, 266.42, 1041.56, 1358.64, 1624.61, 1225.35, 1865.02, 1679.32, 2347.76, 4157.18, 4399.42, 4513.88, 4947.93, 4590.22, 2512.71, 1656.81, 638.54, 5786.69, 1825.57, 2159.18, 2429.6, 2157.17, 2287.02, 2270.96, 2703.74, 2912.62, 3197.94, 595.84, 1982.88, 6021.66, 4880.08, 5888.6, 4836.92, 1743.35, 5534.36, 5715.78, 6032.92, 6229.22, 5940.97, 5568.25, 5720.16, 6030.3, 5695.09, 3483.42, 3707.53, 5011.37, 5248.91, 2072.54, 6408.3, 5746.1, 5982.2, 3165.74, 3439.32, 3588.84, 3661.98, 3572.77, 3653.21, 3863.42, 4464.23, 4817.38, 5118.34, 5419.98, 4846.98, 5340.81, 5429.17, 4953.86, 5870.23, 6143.19, 5994.61, 6394.02, 6620.03, 2146.24, 3697.76, 3258.93, 2709.98, 2836.63, 3902.62, 4197.15, 4973.19, 5284.39, 5543.68, 1281.21, 1269.35, 2042.25, 1348.33, 3311.46, 3536.46, 5845.15, 5672.86, 5936.3, 5922.61, 5690.7, 6250.79, 5457.03, 4789.42, 3104.53, 6859.44, 1608.92, 5257.0, 5007.42, 5300.16, 6424.05, 5631.45, 5263.43, 4781.51, 5653.43, 5072.27, 4649.41, 3593.18, 3446.75, 3689.32, 3964.01, 3517.57, 2594.9, 3544.61, 6425.23, 5628.09, 2036.26, 1141.87, 814.09, 2179.82, 6299.45, 4127.85, 2222.45, 2541.83, 2572.05, 2734.23, 2365.0, 2502.84, 3061.48, 2381.12, 1945.25, 2135.32, 2041.27, 2243.55, 1957.57, 2144.4], [266.42, 0.0, 1157.56, 1101.28, 1362.26, 992.46, 1602.74, 1446.9, 2086.91, 3895.25, 4136.3, 4253.41, 4684.08, 4332.24, 2334.68, 1596.56, 441.12, 5544.77, 1797.88, 1953.72, 2216.93, 1960.87, 2119.69, 2125.06, 2510.44, 2710.43, 3004.29, 392.4, 1841.25, 5766.89, 4615.12, 5644.38, 4570.57, 1765.85, 5277.9, 5483.45, 5794.72, 5992.97, 5694.06, 5320.22, 5466.86, 5771.36, 5434.18, 3245.38, 3482.53, 4745.53, 4983.24, 2031.08, 6145.95, 5483.23, 5720.56, 3006.61, 3284.18, 3434.51, 3403.8, 3322.11, 3400.36, 3611.35, 4203.8, 4554.97, 4856.75, 5159.17, 4592.42, 5082.49, 5175.31, 4703.91, 5603.99, 5876.86, 5729.51, 6127.98, 6355.5, 2032.72, 3491.68, 3036.87, 2461.14, 2617.42, 3640.78, 3945.22, 4715.38, 5035.0, 5277.58, 1384.73, 1232.61, 1816.89, 1169.79, 3178.74, 3356.84, 5590.04, 5432.4, 5672.05, 5656.82, 5424.45, 5993.64, 5192.59, 4523.13, 2988.87, 6598.05, 1500.96, 5000.99, 4744.76, 5033.75, 6157.89, 5371.33, 5001.5, 4515.63, 5393.92, 4818.9, 4395.35, 3425.37, 3275.59, 3502.66, 3761.03, 3299.1, 2361.51, 3315.99, 6165.88, 5390.75, 1881.54, 1258.88, 1007.2, 1934.67, 6067.38, 3866.02, 1957.0, 2282.16, 2318.92, 2530.2, 2142.58, 2258.83, 2851.74, 2121.09, 1679.41, 1869.31, 1774.85, 1977.46, 1692.47, 1877.98], [1041.56, 1157.56, 0.0, 1795.18, 2079.27, 1515.79, 2288.69, 1855.67, 2702.59, 4758.26, 4975.85, 5130.62, 5501.38, 4800.54, 2252.04, 1035.72, 1082.02, 6548.32, 1052.75, 2089.94, 2369.84, 2036.87, 2000.14, 1886.4, 2504.63, 2746.11, 2963.09, 1090.38, 1623.68, 6159.95, 5406.38, 6635.73, 5255.14, 829.41, 6187.02, 6527.32, 6814.07, 7019.59, 6670.14, 6292.06, 6401.49, 6650.7, 6291.95, 3524.37, 3638.73, 5387.33, 5612.85, 1310.88, 6975.83, 6310.14, 6565.27, 2759.22, 2998.67, 3137.1, 3903.94, 3726.8, 3827.98, 4021.28, 4715.79, 5097.25, 5375.97, 5657.89, 5005.0, 5539.61, 5566.25, 5056.18, 6259.77, 6538.16, 6324.19, 6761.79, 6923.72, 1640.53, 3506.87, 3193.1, 2894.33, 2780.57, 4195.44, 4341.87, 5616.93, 6000.44, 5926.6, 242.7, 697.37, 2111.34, 1323.6, 2781.17, 3207.91, 5990.72, 6443.51, 6469.04, 6405.28, 6146.81, 6417.7, 5990.08, 5255.98, 2518.07, 7087.63, 1190.65, 5916.72, 5583.46, 5721.17, 6880.25, 6239.98, 5849.13, 5275.34, 5865.27, 5210.67, 4806.17, 3203.61, 3080.84, 3389.76, 3743.05, 3413.35, 2658.06, 3509.53, 6623.02, 6415.71, 1727.09, 101.49, 404.82, 2378.49, 7109.82, 4730.95, 2684.46, 2864.32, 2810.89, 2593.03, 2374.14, 2659.4, 2928.99, 2721.0, 2444.35, 2708.55, 2585.26, 2806.16, 2430.54, 2681.94], [1358.64, 1101.28, 1795.18, 0.0, 288.16, 309.23, 518.94, 478.46, 991.93, 2963.25, 3183.16, 3335.45, 3713.87, 3231.68, 1545.74, 1506.09, 788.9, 4783.69, 1786.85, 1067.14, 1269.84, 1122.34, 1408.95, 1519.7, 1634.74, 1783.86, 2102.03, 810.87, 1310.73, 4665.72, 3625.53, 4863.82, 3520.78, 1955.17, 4392.71, 4794.98, 5058.84, 5268.92, 4890.99, 4512.37, 4610.49, 4855.84, 4498.66, 2174.76, 2449.43, 3679.72, 3914.23, 1914.87, 5188.05, 4522.05, 4774.11, 2254.06, 2534.37, 2681.27, 2303.38, 2224.63, 2300.49, 2512.07, 3106.4, 3462.84, 3761.93, 4062.42, 3491.36, 3982.2, 4074.47, 3606.36, 4546.33, 4822.12, 4652.46, 5063.9, 5273.28, 1598.33, 2525.77, 2020.39, 1368.46, 1622.37, 2547.2, 2845.94, 3822.44, 4219.23, 4216.35, 1931.7, 1367.6, 837.97, 703.21, 2531.82, 2500.27, 4488.81, 4684.3, 4689.1, 4643.1, 4395.86, 4892.66, 4208.93, 3496.87, 2429.6, 5502.44, 1233.65, 4123.37, 3791.94, 3987.11, 5131.3, 4445.59, 4056.65, 3504.97, 4294.92, 3718.34, 3294.49, 2615.58, 2457.66, 2612.59, 2801.71, 2291.02, 1317.44, 2272.96, 5066.65, 4666.99, 1275.9, 1874.4, 1873.11, 857.11, 5372.45, 2935.87, 904.69, 1183.86, 1219.64, 1604.36, 1153.98, 1179.92, 1887.82, 1023.72, 650.48, 916.68, 790.67, 1011.78, 642.1, 886.77], [1624.61, 1362.26, 2079.27, 288.16, 0.0, 572.0, 240.49, 513.38, 726.0, 2679.36, 2897.1, 3052.41, 3426.44, 2974.63, 1548.52, 1720.12, 1074.54, 4519.39, 2002.4, 1053.58, 1200.97, 1131.03, 1454.9, 1599.08, 1589.45, 1703.97, 2026.34, 1094.35, 1430.47, 4415.83, 3337.48, 4596.3, 3235.65, 2196.24, 4111.84, 4543.02, 4798.03, 5009.62, 4620.06, 4241.43, 4332.76, 4571.55, 4212.97, 1980.37, 2285.2, 3397.82, 3633.28, 2106.0, 4900.76, 4234.77, 4487.56, 2244.92, 2519.29, 2661.66, 2046.71, 1991.98, 2060.65, 2273.52, 2842.32, 3192.86, 3494.51, 3797.25, 3243.31, 3723.83, 3827.38, 3369.76, 4262.92, 4538.24, 4374.36, 4782.01, 4997.45, 1727.73, 2405.52, 1875.13, 1154.04, 1503.11, 2278.52, 2606.48, 3541.44, 3947.74, 3933.57, 2209.44, 1622.22, 784.52, 917.61, 2556.52, 2438.64, 4238.22, 4422.34, 4401.05, 4355.25, 4108.75, 4636.88, 3920.92, 3209.39, 2487.3, 5235.83, 1430.27, 3843.72, 3505.45, 3701.72, 4844.19, 4160.7, 3770.55, 3216.89, 4033.3, 3472.98, 3048.09, 2573.2, 2414.94, 2532.37, 2681.51, 2147.19, 1167.71, 2102.94, 4805.35, 4409.18, 1372.92, 2156.77, 2161.11, 689.26, 5117.85, 2652.21, 616.97, 923.6, 989.95, 1531.74, 1062.16, 993.69, 1781.82, 762.07, 365.28, 645.3, 514.02, 734.22, 353.98, 605.64], [1225.35, 992.46, 1515.79, 309.23, 572.0, 0.0, 772.91, 454.79, 1204.53, 3247.85, 3461.66, 3621.72, 3985.62, 3400.23, 1423.01, 1205.39, 598.13, 5087.8, 1484.49, 987.78, 1235.85, 1015.02, 1247.64, 1322.03, 1559.13, 1740.83, 2046.65, 634.21, 1081.94, 4816.21, 3891.15, 5166.29, 3757.88, 1646.14, 4682.6, 5102.94, 5364.41, 5575.03, 5191.3, 4812.65, 4904.61, 5138.98, 4777.89, 2258.07, 2490.25, 3904.33, 4135.32, 1623.69, 5460.04, 4794.38, 5050.02, 2126.16, 2408.31, 2557.95, 2477.24, 2360.5, 2446.5, 2653.92, 3289.09, 3656.61, 3949.15, 4244.01, 3642.54, 4150.38, 4221.72, 3737.89, 4774.9, 5052.17, 4863.78, 5286.41, 5477.51, 1354.12, 2513.0, 2045.6, 1496.71, 1628.23, 2742.27, 2986.5, 4112.19, 4519.1, 4443.05, 1638.47, 1058.89, 825.53, 414.09, 2366.99, 2422.88, 4641.01, 4989.41, 4954.18, 4896.29, 4642.55, 5053.51, 4474.89, 3747.5, 2235.44, 5684.27, 944.71, 4415.08, 4068.48, 4224.68, 5377.4, 4727.25, 4334.58, 3762.77, 4468.63, 3863.92, 3443.79, 2516.35, 2360.94, 2553.69, 2785.38, 2309.47, 1370.35, 2323.59, 5238.02, 4973.52, 1069.69, 1590.02, 1631.67, 962.07, 5679.89, 3220.99, 1168.71, 1381.59, 1373.01, 1559.18, 1152.2, 1281.84, 1870.9, 1228.63, 935.88, 1215.53, 1085.67, 1306.17, 917.35, 1177.46], [1865.02, 1602.74, 2288.69, 518.94, 240.49, 772.91, 0.0, 572.01, 486.67, 2479.85, 2690.08, 2854.75, 3212.71, 2735.58, 1499.35, 1849.4, 1307.77, 4356.68, 2129.91, 1009.97, 1103.31, 1101.99, 1444.36, 1612.63, 1499.55, 1583.69, 1904.49, 1329.62, 1482.53, 4178.27, 3118.85, 4428.18, 3002.24, 2348.23, 3918.42, 4398.99, 4640.47, 4854.13, 4446.04, 4067.83, 4146.06, 4368.97, 4006.2, 1772.73, 2095.64, 3160.98, 3395.79, 2209.09, 4687.14, 4021.48, 4277.44, 2173.49, 2440.15, 2577.62, 1808.1, 1762.66, 1827.93, 2041.04, 2602.11, 2952.4, 3254.05, 3556.89, 3006.6, 3484.39, 3590.77, 3137.06, 4027.39, 4303.2, 4135.47, 4545.19, 4757.85, 1781.06, 2246.2, 1702.11, 940.31, 1355.33, 2038.04, 2373.24, 3348.29, 3773.52, 3697.45, 2406.98, 1793.4, 727.02, 1066.02, 2509.43, 2323.37, 4000.5, 4263.5, 4182.13, 4129.12, 3879.44, 4397.85, 3702.6, 2981.58, 2468.44, 4995.37, 1548.45, 3653.37, 3296.14, 3468.69, 4614.82, 3956.58, 3562.55, 2993.02, 3793.3, 3237.04, 2811.99, 2471.83, 2314.73, 2402.0, 2520.48, 1972.76, 1003.56, 1910.57, 4565.35, 4256.77, 1407.65, 2362.49, 2388.11, 533.61, 4969.23, 2453.45, 395.86, 685.49, 768.09, 1420.86, 951.06, 804.85, 1639.65, 524.12, 209.83, 507.32, 373.3, 572.89, 163.83, 439.87], [1679.32, 1446.9, 1855.67, 478.46, 513.38, 454.79, 572.01, 0.0, 865.02, 2995.66, 3189.91, 3371.6, 3693.13, 2977.2, 1070.25, 1288.73, 1047.23, 4910.91, 1566.68, 588.7, 803.26, 646.42, 950.4, 1086.36, 1157.9, 1316.28, 1631.09, 1085.83, 922.21, 4379.85, 3585.44, 4977.88, 3402.8, 1802.87, 4438.41, 4964.28, 5198.15, 5412.99, 4990.09, 4612.86, 4675.51, 4871.17, 4500.45, 1804.88, 2036.84, 3531.68, 3757.39, 1637.57, 5161.97, 4499.39, 4762.8, 1777.58, 2057.24, 2203.68, 2062.87, 1923.17, 2013.95, 2218.15, 2876.9, 3252.27, 3538.2, 3827.84, 3208.47, 3725.08, 3784.59, 3294.75, 4404.12, 4682.54, 4472.71, 4906.83, 5078.08, 1220.75, 2074.65, 1594.17, 1063.57, 1180.54, 2344.12, 2548.88, 3870.46, 4318.45, 4070.94, 1937.23, 1280.83, 377.63, 546.37, 2065.75, 2024.52, 4205.73, 4820.64, 4642.46, 4562.04, 4298.27, 4622.33, 4166.94, 3413.91, 1981.2, 5265.78, 983.53, 4178.82, 3787.34, 3868.08, 5029.92, 4456.76, 4055.63, 3442.09, 4046.33, 3426.6, 3009.22, 2137.32, 1979.48, 2141.5, 2349.06, 1860.05, 915.7, 1869.13, 4812.94, 4817.95, 860.05, 1916.22, 2028.61, 531.04, 5532.01, 2970.71, 925.72, 1012.07, 959.78, 1135.27, 704.29, 839.37, 1432.78, 876.75, 780.36, 1079.21, 944.68, 1142.42, 735.38, 1010.08], [2347.76, 2086.91, 2702.59, 991.93, 726.0, 1204.53, 486.67, 865.02, 0.0, 2145.34, 2330.51, 2520.46, 2828.61, 2248.92, 1458.27, 2127.28, 1773.68, 4100.34, 2396.72, 1036.72, 998.06, 1143.98, 1486.45, 1689.56, 1370.14, 1378.8, 1679.47, 1799.33, 1640.23, 3692.05, 2720.48, 4158.08, 2555.12, 2655.19, 3586.69, 4187.36, 4394.88, 4612.23, 4161.15, 3786.44, 3830.63, 4010.35, 3637.69, 1348.98, 1708.62, 2700.01, 2931.7, 2429.0, 4296.95, 3634.48, 3898.42, 2048.76, 2290.42, 2413.83, 1321.48, 1290.08, 1348.76, 1561.83, 2116.9, 2470.95, 2770.7, 3072.34, 2521.12, 2997.88, 3105.31, 2656.39, 3570.37, 3847.65, 3664.38, 4082.69, 4282.84, 1924.1, 1925.26, 1364.61, 531.33, 1100.13, 1555.42, 1892.37, 3021.53, 3492.85, 3238.59, 2797.41, 2145.83, 788.99, 1410.89, 2425.23, 2098.78, 3514.19, 4017.28, 3778.22, 3703.54, 3444.29, 3911.19, 3302.2, 2554.39, 2443.52, 4511.69, 1818.57, 3331.65, 2924.46, 3021.77, 4178.08, 3595.63, 3192.93, 2578.82, 3307.45, 2752.28, 2327.16, 2273.55, 2123.32, 2142.15, 2190.4, 1623.54, 743.06, 1520.5, 4079.49, 4026.16, 1539.06, 2768.76, 2836.1, 449.53, 4743.05, 2121.55, 287.03, 200.38, 346.66, 1249.77, 839.55, 504.07, 1379.77, 46.72, 490.61, 587.11, 530.95, 559.57, 445.45, 491.21], [4157.18, 3895.25, 4758.26, 2963.25, 2679.36, 3247.85, 2479.85, 2995.66, 2145.34, 0.0, 265.47, 375.96, 814.29, 1884.24, 3450.19, 4272.24, 3720.69, 2021.29, 4542.0, 3130.42, 2995.98, 3236.67, 3552.17, 3768.57, 3265.21, 3147.59, 3332.66, 3729.86, 3766.25, 2977.82, 800.39, 2054.41, 1123.04, 4796.96, 1442.77, 2206.92, 2328.83, 2548.22, 2037.66, 1672.57, 1686.33, 1892.66, 1541.28, 2439.59, 2815.21, 1394.81, 1598.95, 4566.43, 2251.38, 1591.46, 1825.4, 3843.19, 4002.88, 4078.81, 1694.0, 2033.26, 1945.23, 1990.43, 1673.02, 1680.04, 1925.71, 2186.89, 2198.8, 2289.98, 2587.32, 2474.03, 2011.68, 2238.01, 2292.82, 2531.68, 2905.09, 4036.12, 3234.69, 2810.82, 2265.51, 2856.16, 1453.8, 2062.82, 876.19, 1386.59, 1758.22, 4885.8, 4266.79, 2918.7, 3531.78, 4250.77, 3664.51, 2825.22, 1961.02, 1798.56, 1848.97, 1684.98, 3044.24, 1329.95, 909.93, 4363.9, 3337.31, 3963.58, 1186.6, 852.83, 1444.1, 2370.86, 1483.74, 1106.27, 810.13, 2442.22, 2384.12, 2126.97, 3876.18, 3767.09, 3600.14, 3392.03, 2926.62, 2630.21, 2694.45, 3073.78, 2005.29, 3656.73, 4836.11, 4813.49, 2576.14, 2707.58, 30.33, 2086.75, 2051.37, 2217.25, 3108.37, 2865.66, 2453.23, 3033.05, 2145.42, 2314.1, 2056.37, 2174.75, 1954.9, 2330.53, 2076.7], [4399.42, 4136.3, 4975.85, 3183.16, 2897.1, 3461.66, 2690.08, 3189.91, 2330.51, 265.47, 0.0, 261.67, 554.53, 1785.0, 3582.48, 4455.89, 3949.08, 1940.86, 4721.82, 3288.4, 3136.84, 3393.27, 3698.82, 3916.8, 3384.28, 3251.12, 3415.7, 3959.94, 3930.6, 2782.98, 535.41, 1954.5, 914.47, 4985.66, 1268.92, 2176.15, 2251.37, 2468.71, 1918.66, 1570.4, 1533.01, 1681.56, 1316.23, 2491.78, 2848.09, 1185.97, 1374.56, 4735.03, 2011.34, 1347.14, 1591.73, 3936.37, 4081.01, 4148.67, 1731.6, 2077.4, 1979.86, 1996.83, 1582.58, 1532.12, 1752.26, 1995.53, 2082.23, 2116.97, 2426.39, 2360.85, 1754.51, 1976.25, 2046.23, 2271.04, 2651.74, 4193.27, 3276.15, 2885.09, 2402.6, 2966.71, 1456.17, 2025.91, 727.3, 1300.2, 1511.49, 5096.76, 4467.16, 3089.79, 3730.88, 4343.37, 3727.91, 2636.79, 1896.77, 1543.38, 1584.31, 1420.29, 2832.22, 1070.41, 679.9, 4472.11, 3094.57, 4147.31, 1035.37, 610.13, 1195.36, 2105.97, 1267.67, 873.5, 563.96, 2244.4, 2251.03, 2032.33, 3940.49, 3839.27, 3650.54, 3415.03, 2978.55, 2765.29, 2741.49, 2848.0, 1959.97, 3818.08, 5051.62, 5042.78, 2749.63, 2641.54, 295.36, 2294.7, 2220.95, 2371.66, 3225.46, 3013.87, 2602.77, 3124.62, 2326.58, 2532.7, 2284.99, 2399.04, 2181.2, 2545.32, 2299.14], [4513.88, 4253.41, 5130.62, 3335.45, 3052.41, 3621.72, 2854.75, 3371.6, 2520.46, 375.96, 261.67, 0.0, 546.51, 2034.15, 3809.7, 4647.59, 4088.65, 1686.86, 4916.9, 3499.86, 3359.01, 3605.72, 3917.83, 4134.92, 3618.04, 3491.56, 3663.59, 4096.82, 4137.8, 2969.53, 608.97, 1706.84, 1107.1, 5172.77, 1066.87, 1914.7, 1997.01, 2215.14, 1679.2, 1322.76, 1313.81, 1522.83, 1181.67, 2747.04, 3106.95, 1371.73, 1536.8, 4939.22, 1903.26, 1254.1, 1471.97, 4181.13, 4330.74, 4400.74, 1988.68, 2333.81, 2237.78, 2257.88, 1835.04, 1761.93, 1963.62, 2189.76, 2324.05, 2326.18, 2642.93, 2603.16, 1837.21, 2034.61, 2158.27, 2333.27, 2740.62, 4405.64, 3533.91, 3135.25, 2626.27, 3204.01, 1717.08, 2286.59, 502.03, 1046.33, 1629.46, 5259.98, 4642.56, 3291.63, 3907.66, 4588.5, 3981.44, 2830.22, 1638.96, 1482.17, 1579.37, 1461.15, 2999.02, 1036.2, 854.63, 4711.25, 3209.36, 4338.91, 813.37, 532.31, 1314.28, 2099.33, 1118.15, 760.28, 716.9, 2430.55, 2484.73, 2282.09, 4193.89, 4090.6, 3906.87, 3675.28, 3234.24, 2990.43, 2997.98, 2995.34, 1699.46, 4027.4, 5209.11, 5180.45, 2949.45, 2384.86, 401.48, 2462.13, 2423.42, 2584.86, 3460.03, 3231.54, 2819.3, 3369.47, 2519.96, 2687.15, 2425.7, 2545.9, 2325.48, 2704.57, 2448.68], [4947.93, 4684.08, 5501.38, 3713.87, 3426.44, 3985.62, 3212.71, 3693.13, 2828.61, 814.29, 554.53, 546.51, 0.0, 1835.67, 4001.2, 4941.62, 4486.58, 1746.63, 5201.77, 3745.45, 3571.6, 3847.74, 4137.45, 4356.35, 3785.13, 3629.71, 3759.96, 4498.97, 4392.58, 2542.79, 177.75, 1716.65, 774.45, 5476.59, 907.91, 2076.36, 2048.32, 2253.01, 1640.27, 1353.88, 1199.63, 1205.1, 820.25, 2801.44, 3116.96, 992.88, 1099.52, 5199.72, 1474.52, 808.77, 1069.89, 4291.77, 4410.36, 4463.45, 2043.79, 2385.95, 2276.47, 2244.93, 1667.77, 1484.7, 1616.96, 1792.71, 2075.54, 1962.45, 2292.74, 2349.76, 1303.19, 1490.37, 1641.63, 1789.34, 2205.34, 4644.07, 3552.3, 3222.68, 2840.7, 3359.42, 1727.91, 2192.82, 561.1, 1149.39, 1126.64, 5614.76, 4973.76, 3565.33, 4237.81, 4694.61, 4035.91, 2419.27, 1740.53, 989.92, 1041.72, 915.2, 2537.8, 516.03, 529.98, 4847.73, 2688.58, 4634.07, 768.99, 153.04, 823.34, 1563.83, 796.4, 387.71, 392.07, 2011.0, 2196.31, 2078.72, 4247.77, 4160.94, 3937.07, 3656.14, 3277.67, 3195.84, 3036.93, 2507.49, 1840.74, 4276.51, 5574.8, 5580.17, 3230.62, 2448.84, 844.62, 2816.92, 2702.29, 2832.67, 3624.93, 3459.87, 3054.73, 3486.17, 2820.19, 3063.97, 2825.56, 2935.77, 2720.25, 3072.99, 2834.61], [4590.22, 4332.24, 4800.54, 3231.68, 2974.63, 3400.23, 2735.58, 2977.2, 2248.92, 1884.24, 1785.0, 2034.15, 1835.67, 0.0, 2786.59, 3979.57, 3993.33, 3581.86, 4187.97, 2740.88, 2481.74, 2816.45, 2996.49, 3199.01, 2521.51, 2300.42, 2301.72, 4024.21, 3341.55, 1451.19, 1657.98, 3550.82, 1078.36, 4512.48, 2724.39, 3893.93, 3883.95, 4087.65, 3467.27, 3189.3, 3016.59, 2873.39, 2507.36, 1372.68, 1518.41, 962.81, 1070.75, 4102.78, 2886.1, 2365.25, 2635.64, 2825.35, 2863.33, 2877.12, 928.44, 1077.91, 972.93, 789.71, 216.24, 423.33, 600.98, 858.99, 337.56, 750.82, 884.08, 596.13, 1676.78, 1936.93, 1602.68, 2082.62, 2149.1, 3515.81, 1929.62, 1807.6, 1914.57, 2121.41, 741.66, 515.39, 2363.59, 2971.64, 1376.91, 4839.18, 4149.22, 2689.27, 3481.09, 3192.71, 2455.97, 1272.59, 3570.98, 2344.59, 2098.27, 1798.66, 1662.27, 2007.82, 1305.97, 3411.37, 2289.43, 3702.38, 2604.24, 1988.71, 1355.44, 2408.22, 2530.14, 2176.41, 1445.7, 1069.16, 565.28, 248.19, 2654.09, 2608.02, 2312.39, 1954.81, 1739.38, 2150.59, 1520.86, 1837.83, 3662.8, 3218.09, 4847.4, 5004.36, 2446.63, 4284.48, 1892.61, 2425.57, 2051.21, 2027.24, 2375.5, 2441.69, 2145.38, 2114.54, 2212.68, 2700.9, 2623.83, 2661.0, 2525.62, 2671.8, 2569.31], [2512.71, 2334.68, 2252.04, 1545.74, 1548.52, 1423.01, 1499.35, 1070.25, 1458.27, 3450.19, 3582.48, 3809.7, 4001.2, 2786.59, 0.0, 1271.09, 1894.01, 5462.69, 1431.26, 495.24, 466.89, 423.83, 251.92, 417.33, 272.16, 514.99, 714.02, 1942.37, 630.77, 4017.64, 3859.35, 5503.46, 3518.54, 1768.7, 4848.15, 5591.56, 5765.88, 5985.18, 5487.05, 5122.56, 5115.45, 5206.05, 4819.74, 1416.53, 1421.97, 3569.22, 3760.3, 1319.07, 5401.79, 4767.96, 5046.01, 708.69, 989.93, 1138.2, 2029.28, 1742.98, 1860.19, 2005.79, 2763.19, 3155.51, 3387.29, 3631.21, 2918.55, 3473.54, 3438.01, 2913.72, 4410.22, 4683.9, 4385.4, 4858.6, 4930.83, 734.27, 1254.95, 1006.2, 1184.75, 673.22, 2361.63, 2280.51, 4306.56, 4834.68, 4084.52, 2214.34, 1554.69, 773.74, 1166.52, 1011.01, 1023.82, 3858.46, 5391.45, 4854.83, 4701.99, 4411.86, 4294.2, 4407.95, 3606.86, 987.25, 5007.16, 1061.4, 4616.85, 4123.49, 3953.49, 5107.89, 4796.78, 4386.64, 3676.51, 3801.09, 3095.66, 2728.55, 1096.12, 943.09, 1180.26, 1496.94, 1184.69, 820.01, 1324.68, 4523.19, 5415.46, 525.45, 2267.05, 2566.81, 1033.53, 6130.57, 3431.53, 1687.61, 1458.6, 1254.75, 411.19, 619.99, 1015.11, 708.37, 1432.89, 1691.07, 1948.79, 1834.12, 1967.57, 1630.96, 1856.28], [1656.81, 1596.56, 1035.72, 1506.09, 1720.12, 1205.39, 1849.4, 1288.73, 2127.28, 4272.24, 4455.89, 4647.59, 4941.62, 3979.57, 1271.09, 0.0, 1228.37, 6199.63, 282.28, 1248.31, 1497.85, 1164.89, 1024.6, 874.33, 1538.48, 1783.45, 1964.39, 1272.04, 649.64, 5270.59, 4822.89, 6266.3, 4578.61, 541.53, 5713.97, 6248.38, 6486.48, 6701.03, 6277.2, 5900.36, 5956.37, 6132.82, 5756.67, 2639.02, 2690.46, 4672.52, 4883.16, 445.96, 6398.03, 5741.3, 6010.35, 1725.06, 1963.01, 2101.98, 3136.7, 2904.98, 3015.88, 3189.87, 3925.54, 4316.83, 4573.41, 4836.44, 4145.8, 4695.14, 4684.44, 4163.54, 5537.2, 5815.12, 5554.9, 6014.18, 6127.42, 606.11, 2511.57, 2261.49, 2149.91, 1876.11, 3453.94, 3491.2, 5148.35, 5606.0, 5205.16, 955.07, 398.42, 1379.71, 805.6, 1754.29, 2180.71, 5107.58, 6109.06, 5866.73, 5758.22, 5481.51, 5541.3, 5398.09, 4621.53, 1504.57, 6240.09, 308.71, 5458.07, 5044.04, 5035.2, 6202.0, 5717.96, 5312.6, 4665.14, 5023.47, 4335.69, 3950.68, 2169.08, 2049.07, 2366.32, 2734.73, 2455.05, 1843.89, 2582.09, 5762.23, 6105.06, 769.87, 1028.91, 1405.52, 1711.0, 6818.24, 4248.16, 2214.44, 2239.6, 2119.6, 1651.68, 1551.58, 1917.33, 1974.65, 2129.47, 2050.49, 2349.1, 2213.71, 2422.02, 2012.72, 2288.89], [638.54, 441.12, 1082.02, 788.9, 1074.54, 598.13, 1307.77, 1047.23, 1773.68, 3720.69, 3949.08, 4088.65, 4486.58, 3993.33, 1894.01, 1228.37, 0.0, 5470.98, 1461.19, 1522.69, 1791.45, 1524.84, 1678.67, 1688.06, 2073.59, 2277.87, 2567.82, 49.56, 1406.57, 5413.31, 4403.81, 5560.8, 4309.6, 1496.09, 5135.5, 5445.46, 5734.44, 5939.16, 5598.71, 5221.29, 5341.58, 5611.47, 5261.04, 2851.89, 3069.51, 4467.93, 4701.9, 1673.21, 5958.82, 5293.1, 5540.68, 2566.0, 2844.0, 2994.39, 3067.98, 2958.24, 3043.31, 3251.32, 3877.51, 4240.44, 4536.12, 4833.37, 4239.26, 4743.94, 4819.07, 4336.02, 5335.07, 5610.96, 5437.83, 5852.0, 6056.3, 1611.58, 3061.73, 2620.55, 2094.32, 2198.1, 3324.76, 3584.14, 4566.99, 4930.95, 5004.9, 1265.29, 909.63, 1405.14, 728.67, 2744.5, 2916.68, 5237.86, 5364.86, 5466.76, 5427.94, 5183.02, 5649.02, 4986.3, 4283.22, 2562.58, 6274.0, 1089.62, 4862.35, 4559.11, 4775.86, 5918.44, 5204.35, 4821.58, 4288.32, 5060.75, 4461.36, 4040.7, 2984.25, 2834.55, 3064.06, 3329.27, 2879.03, 1960.98, 2907.61, 5831.06, 5335.23, 1442.58, 1174.24, 1093.76, 1560.05, 6028.11, 3692.49, 1691.07, 1959.87, 1966.74, 2098.62, 1726.89, 1879.87, 2424.14, 1802.39, 1427.18, 1664.67, 1550.87, 1767.88, 1426.07, 1652.02], [5786.69, 5544.77, 6548.32, 4783.69, 4519.39, 5087.8, 4356.68, 4910.91, 4100.34, 2021.29, 1940.86, 1686.86, 1746.63, 3581.86, 5462.69, 6199.63, 5470.98, 0.0, 6477.04, 5118.52, 5003.5, 5225.91, 5551.84, 5765.55, 5284.4, 5168.84, 5348.79, 5468.97, 5740.02, 4125.74, 1924.12, 157.1, 2516.56, 6704.9, 910.57, 451.07, 310.59, 528.31, 310.32, 392.86, 661.91, 1148.4, 1283.82, 4432.6, 4785.89, 2708.06, 2754.33, 6527.0, 1646.92, 1511.73, 1404.66, 5863.16, 6016.93, 6087.6, 3672.17, 4018.18, 3919.69, 3926.24, 3409.34, 3226.24, 3327.02, 3451.53, 3818.25, 3648.88, 3982.2, 4089.82, 2649.37, 2678.22, 3035.64, 2925.6, 3400.76, 6019.91, 5215.69, 4821.78, 4278.85, 4877.29, 3388.52, 3916.7, 1238.28, 640.75, 2649.53, 6707.27, 6141.33, 4888.15, 5422.19, 6270.74, 5668.09, 4033.56, 134.47, 1743.82, 2073.19, 2215.3, 4046.3, 1730.77, 2276.6, 6384.89, 3951.93, 5893.89, 977.69, 1593.68, 2427.24, 2383.34, 1205.81, 1437.21, 2136.28, 3629.5, 3926.08, 3825.33, 5880.58, 5777.36, 5591.22, 5347.31, 4919.4, 4643.3, 4682.18, 3938.1, 269.88, 5636.22, 6635.83, 6531.07, 4545.62, 706.59, 2037.27, 3985.24, 4034.78, 4217.04, 5128.27, 4867.07, 4455.94, 5052.18, 4108.23, 4164.63, 3874.13, 4006.74, 3789.71, 4195.64, 3921.98], [1825.57, 1797.88, 1052.75, 1786.85, 2002.4, 1484.49, 2129.91, 1566.68, 2396.72, 4542.0, 4721.82, 4916.9, 5201.77, 4187.97, 1431.26, 282.28, 1461.19, 6477.04, 0.0, 1481.31, 1713.63, 1390.03, 1198.66, 1016.16, 1703.29, 1945.73, 2092.11, 1501.76, 847.83, 5448.66, 5080.09, 6542.48, 4821.03, 340.78, 5982.6, 6528.78, 6764.8, 6979.66, 6551.84, 6175.41, 6227.27, 6396.18, 6018.48, 2832.26, 2850.68, 4906.74, 5113.4, 260.8, 6653.28, 5998.78, 6269.3, 1787.78, 2000.58, 2130.34, 3365.17, 3119.41, 3232.53, 3399.12, 4143.54, 4535.99, 4785.23, 5041.47, 4340.05, 4892.76, 4867.56, 4343.92, 5767.43, 6044.65, 5773.45, 6237.39, 6337.06, 707.71, 2636.35, 2436.22, 2392.29, 2070.43, 3686.92, 3691.86, 5418.18, 5881.14, 5436.44, 910.67, 565.27, 1636.45, 1087.54, 1751.82, 2262.18, 5288.8, 6387.26, 6119.12, 6003.35, 5723.83, 5724.18, 5652.88, 4871.4, 1476.41, 6432.6, 583.2, 5728.37, 5306.54, 5274.51, 6440.43, 5981.41, 5574.97, 4918.78, 5220.99, 4522.93, 4147.19, 2224.36, 2118.62, 2454.15, 2842.87, 2611.0, 2072.48, 2755.57, 5950.8, 6384.34, 971.43, 1018.82, 1450.39, 1973.0, 7097.96, 4518.27, 2491.93, 2502.21, 2372.93, 1830.59, 1783.0, 2163.1, 2139.46, 2397.11, 2331.79, 2630.62, 2495.2, 2702.72, 2293.41, 2569.61], [2159.18, 1953.72, 2089.94, 1067.14, 1053.58, 987.78, 1009.97, 588.7, 1036.72, 3130.42, 3288.4, 3499.86, 3745.45, 2740.88, 495.24, 1248.31, 1522.69, 5118.52, 1481.31, 0.0, 283.51, 107.69, 452.68, 652.98, 573.63, 756.94, 1058.89, 1568.14, 648.03, 4071.94, 3616.53, 5169.5, 3340.19, 1788.39, 4556.83, 5219.5, 5416.69, 5634.97, 5164.15, 4793.17, 4813.43, 4947.14, 4565.2, 1434.51, 1576.16, 3426.53, 3635.48, 1455.11, 5183.82, 4534.34, 4807.82, 1194.57, 1472.21, 1617.42, 1888.44, 1663.33, 1771.97, 1952.62, 2679.52, 3070.01, 3330.76, 3599.56, 2924.75, 3467.31, 3479.38, 2966.89, 4289.58, 4567.34, 4307.9, 4765.99, 4885.19, 905.79, 1539.05, 1123.9, 913.59, 700.78, 2207.06, 2263.8, 4001.41, 4501.42, 3957.86, 2105.59, 1415.42, 283.33, 832.49, 1505.41, 1440.55, 3903.94, 5039.78, 4645.68, 4523.36, 4242.84, 4333.16, 4183.59, 3395.82, 1459.6, 5015.77, 962.19, 4312.92, 3857.2, 3793.2, 4959.2, 4533.53, 4124.45, 3448.49, 3794.93, 3125.19, 2727.09, 1548.78, 1391.07, 1566.29, 1807.37, 1369.23, 595.76, 1431.42, 4544.43, 5053.85, 531.09, 2126.15, 2348.36, 588.97, 5770.8, 3109.14, 1233.1, 1083.89, 916.78, 576.49, 303.27, 690.9, 902.88, 1020.48, 1207.06, 1476.37, 1356.0, 1505.28, 1148.26, 1387.17], [2429.6, 2216.93, 2369.84, 1269.84, 1200.97, 1235.85, 1103.31, 803.26, 998.06, 2995.98, 3136.84, 3359.01, 3571.6, 2481.74, 466.89, 1497.85, 1791.45, 5003.5, 1713.63, 283.51, 0.0, 337.54, 566.03, 784.92, 396.49, 514.11, 832.88, 1835.74, 866.13, 3795.96, 3435.39, 5046.89, 3127.43, 2032.52, 4404.98, 5127.0, 5305.63, 5524.78, 5033.63, 4667.06, 4668.61, 4776.41, 4391.68, 1156.9, 1293.67, 3199.53, 3402.36, 1657.8, 4991.87, 4349.6, 4625.74, 1075.87, 1337.82, 1474.36, 1654.77, 1407.76, 1519.75, 1692.06, 2430.53, 2822.72, 3075.88, 3338.95, 2654.87, 3200.88, 3204.61, 2689.77, 4056.06, 4332.76, 4060.52, 4523.76, 4629.67, 1081.35, 1277.2, 841.27, 734.37, 417.44, 1980.61, 1996.46, 3857.96, 4377.95, 3725.96, 2378.95, 1690.15, 431.91, 1113.79, 1434.31, 1238.88, 3629.05, 4930.52, 4448.94, 4312.68, 4027.73, 4059.65, 3993.72, 3198.1, 1446.32, 4748.12, 1224.65, 4168.95, 3689.5, 3573.81, 4736.81, 4364.87, 3954.74, 3259.31, 3528.98, 2851.7, 2458.18, 1373.52, 1215.54, 1343.14, 1549.67, 1090.46, 376.18, 1147.91, 4274.06, 4952.56, 742.74, 2403.9, 2631.76, 594.52, 5668.22, 2976.54, 1240.6, 991.71, 789.58, 334.85, 160.77, 549.68, 635.41, 970.39, 1277.92, 1514.96, 1408.9, 1523.8, 1216.29, 1419.75], [2157.17, 1960.87, 2036.87, 1122.34, 1131.03, 1015.02, 1101.99, 646.42, 1143.98, 3236.67, 3393.27, 3605.72, 3847.74, 2816.45, 423.83, 1164.89, 1524.84, 5225.91, 1390.03, 107.69, 337.54, 0.0, 348.71, 545.59, 549.82, 757.26, 1043.42, 1571.55, 549.47, 4132.89, 3717.67, 5276.62, 3434.61, 1702.6, 4661.9, 5327.19, 5524.2, 5742.51, 5270.88, 4900.11, 4919.15, 5050.08, 4667.69, 1493.71, 1610.35, 3516.77, 3723.65, 1354.97, 5283.33, 4635.06, 4909.04, 1131.73, 1412.15, 1559.47, 1975.57, 1740.54, 1851.04, 2027.05, 2760.68, 3152.12, 3408.99, 3674.33, 2992.31, 3537.84, 3541.86, 3026.38, 4377.74, 4655.14, 4390.2, 4850.71, 4963.25, 800.12, 1544.03, 1160.24, 1011.91, 743.76, 2296.92, 2333.48, 4107.14, 4608.46, 4046.54, 2041.91, 1353.78, 380.18, 815.43, 1425.75, 1408.33, 3966.26, 5147.33, 4744.16, 4618.61, 4336.86, 4397.07, 4283.33, 3493.8, 1366.73, 5085.36, 887.46, 4418.65, 3960.36, 3885.9, 5051.22, 4636.69, 4227.4, 3548.18, 3865.87, 3189.16, 2795.51, 1503.84, 1347.47, 1544.36, 1807.54, 1395.1, 682.46, 1473.88, 4611.57, 5161.51, 429.85, 2068.84, 2308.85, 695.71, 5878.46, 3215.51, 1336.95, 1191.18, 1021.68, 582.63, 394.33, 793.15, 918.47, 1128.05, 1302.2, 1575.73, 1453.57, 1607.24, 1244.23, 1487.65], [2287.02, 2119.69, 2000.14, 1408.95, 1454.9, 1247.64, 1444.36, 950.4, 1486.45, 3552.17, 3698.82, 3917.83, 4137.45, 2996.49, 251.92, 1024.6, 1678.67, 5551.84, 1198.66, 452.68, 566.03, 348.71, 0.0, 218.91, 514.01, 759.0, 964.7, 1727.69, 379.71, 4252.59, 4001.41, 5599.0, 3687.11, 1532.44, 4967.52, 5662.04, 5851.95, 6070.69, 5589.23, 5220.65, 5229.26, 5342.16, 4957.58, 1634.54, 1665.86, 3751.06, 3948.67, 1109.11, 5556.77, 4915.43, 5191.7, 889.35, 1169.79, 1320.29, 2205.97, 1937.55, 2053.09, 2210.14, 2962.13, 3355.06, 3595.79, 3846.82, 3141.79, 3695.1, 3669.75, 3146.76, 4601.01, 4876.38, 4589.61, 5058.85, 5144.52, 523.68, 1506.79, 1240.18, 1298.33, 875.18, 2535.33, 2496.09, 4417.9, 4930.22, 4272.82, 1963.76, 1302.8, 728.23, 950.52, 1124.36, 1255.35, 4091.59, 5475.73, 5013.04, 4872.35, 4585.52, 4526.57, 4559.1, 3762.43, 1032.4, 5233.96, 809.49, 4729.18, 4254.82, 4129.72, 5289.84, 4930.4, 4520.31, 3824.91, 4023.21, 3324.39, 2949.49, 1306.84, 1159.75, 1420.07, 1747.16, 1430.88, 942.18, 1560.48, 4752.25, 5493.13, 274.11, 2015.3, 2316.78, 1040.71, 6209.78, 3531.98, 1685.39, 1520.2, 1335.92, 632.24, 686.51, 1098.94, 950.1, 1468.12, 1647.1, 1923.5, 1800.26, 1955.91, 1589.89, 1835.95], [2270.96, 2125.06, 1886.4, 1519.7, 1599.08, 1322.03, 1612.63, 1086.36, 1689.56, 3768.57, 3916.8, 4134.92, 4356.35, 3199.01, 417.33, 874.33, 1688.06, 5765.55, 1016.16, 652.98, 784.92, 545.59, 218.91, 0.0, 689.27, 930.08, 1090.23, 1737.6, 289.02, 4434.16, 4220.28, 5813.89, 3903.6, 1355.09, 5185.59, 5871.49, 6064.98, 6283.55, 5805.2, 5436.03, 5446.78, 5561.04, 5176.49, 1831.47, 1834.56, 3964.78, 4160.57, 903.91, 5775.09, 5134.16, 5410.5, 902.84, 1170.27, 1318.99, 2420.36, 2146.49, 2262.73, 2415.18, 3169.93, 3562.73, 3799.23, 4046.06, 3335.32, 3890.03, 3855.19, 3330.75, 4812.25, 5087.07, 4795.41, 5266.53, 5345.13, 317.46, 1637.41, 1423.46, 1517.01, 1079.03, 2750.54, 2695.05, 4635.26, 5145.24, 4484.81, 1827.74, 1194.95, 915.39, 975.34, 1059.44, 1324.97, 4275.41, 5688.47, 5231.04, 5088.7, 4801.24, 4711.25, 4777.63, 3980.56, 914.03, 5424.44, 710.59, 4946.6, 4473.62, 4344.84, 5503.77, 5149.24, 4739.17, 4043.54, 4217.73, 3512.99, 3144.81, 1342.35, 1207.47, 1503.91, 1861.74, 1595.19, 1161.04, 1741.55, 4940.52, 5704.39, 253.48, 1892.02, 2224.88, 1241.03, 6421.22, 3748.17, 1876.57, 1731.78, 1551.56, 824.95, 903.4, 1315.64, 1123.99, 1673.41, 1819.21, 2103.02, 1976.36, 2141.54, 1764.04, 2018.35], [2703.74, 2510.44, 2504.63, 1634.74, 1589.45, 1559.13, 1499.55, 1157.9, 1370.14, 3265.21, 3384.28, 3618.04, 3785.13, 2521.51, 272.16, 1538.48, 2073.59, 5284.4, 1703.29, 573.63, 396.49, 549.82, 514.01, 689.27, 0.0, 244.99, 494.31, 2120.58, 892.67, 3745.5, 3638.84, 5319.43, 3278.34, 2040.38, 4644.57, 5430.06, 5589.9, 5809.41, 5297.23, 4936.88, 4916.17, 4988.26, 4601.05, 1149.48, 1152.17, 3319.72, 3506.4, 1589.1, 5169.29, 4541.77, 4820.87, 682.76, 941.41, 1078.09, 1787.31, 1489.15, 1607.03, 1744.79, 2504.02, 2895.54, 3122.47, 3363.2, 2648.15, 3203.5, 3165.93, 2641.58, 4154.34, 4426.87, 4122.2, 4597.22, 4663.24, 1005.71, 1012.67, 734.21, 1014.77, 428.2, 2120.52, 2013.26, 4110.85, 4651.78, 3830.37, 2475.94, 1807.92, 807.78, 1357.14, 1056.1, 867.2, 3586.31, 5217.65, 4620.45, 4459.08, 4166.94, 4022.07, 4179.4, 3376.23, 1107.49, 4735.66, 1316.17, 4419.65, 3911.21, 3707.31, 4857.0, 4581.51, 4171.95, 3451.34, 3530.82, 2823.96, 2458.93, 984.91, 826.53, 995.32, 1267.71, 916.91, 660.3, 1052.52, 4251.36, 5247.63, 780.22, 2523.68, 2807.56, 988.04, 5960.3, 3248.02, 1625.52, 1334.85, 1116.93, 160.25, 553.34, 885.83, 437.03, 1338.03, 1673.91, 1905.84, 1802.72, 1909.65, 1612.21, 1809.8], [2912.62, 2710.43, 2746.11, 1783.86, 1703.97, 1740.83, 1583.69, 1316.28, 1378.8, 3147.59, 3251.12, 3491.56, 3629.71, 2300.42, 514.99, 1783.45, 2277.87, 5168.84, 1945.73, 756.94, 514.11, 757.26, 759.0, 930.08, 244.99, 0.0, 322.41, 2323.8, 1137.44, 3504.27, 3478.42, 5197.58, 3093.64, 2283.59, 4502.01, 5332.11, 5476.34, 5695.77, 5169.06, 4813.86, 4778.03, 4828.65, 4440.93, 928.64, 907.39, 3122.12, 3302.14, 1824.77, 4991.69, 4372.7, 4652.69, 706.53, 919.2, 1036.45, 1606.37, 1291.86, 1409.93, 1533.22, 2293.3, 2682.78, 2901.14, 3135.57, 2415.41, 2971.4, 2926.73, 2401.82, 3946.46, 4217.08, 3902.91, 4380.64, 4435.91, 1244.77, 786.8, 498.41, 948.94, 301.35, 1938.64, 1788.68, 3978.37, 4532.36, 3625.36, 2720.2, 2050.03, 945.89, 1572.61, 1110.52, 739.72, 3346.13, 5107.02, 4441.1, 4268.92, 3974.44, 3782.21, 4007.97, 3203.81, 1221.43, 4499.03, 1559.2, 4284.8, 3760.03, 3513.71, 4655.71, 4425.48, 4017.35, 3285.62, 3298.01, 2586.95, 2228.35, 898.19, 745.43, 830.34, 1051.47, 671.99, 636.33, 812.76, 4013.46, 5143.33, 1024.1, 2766.54, 3043.82, 1052.87, 5852.29, 3132.12, 1652.06, 1308.41, 1083.73, 181.71, 641.82, 875.57, 193.99, 1341.11, 1739.5, 1944.4, 1853.38, 1934.48, 1677.76, 1846.87], [3197.94, 3004.29, 2963.09, 2102.03, 2026.34, 2046.65, 1904.49, 1631.09, 1679.47, 3332.66, 3415.7, 3663.59, 3759.96, 2301.72, 714.02, 1964.39, 2567.82, 5348.79, 2092.11, 1058.89, 832.88, 1043.42, 964.7, 1090.23, 494.31, 322.41, 0.0, 2614.74, 1339.44, 3406.43, 3601.53, 5369.58, 3176.11, 2432.89, 4647.9, 5532.35, 5658.08, 5876.95, 5332.91, 4985.36, 4929.35, 4947.45, 4560.17, 973.23, 808.26, 3177.33, 3340.61, 1937.63, 5078.84, 4477.19, 4757.75, 536.35, 672.01, 764.81, 1716.61, 1378.94, 1493.14, 1577.33, 2324.78, 2704.34, 2895.53, 3106.72, 2372.23, 2926.05, 2845.89, 2321.72, 3972.45, 4236.99, 3897.58, 4381.35, 4401.96, 1384.95, 547.19, 537.48, 1216.12, 579.79, 2039.97, 1786.74, 4140.26, 4709.24, 3660.07, 2916.24, 2266.16, 1264.56, 1850.83, 934.76, 421.59, 3256.52, 5293.12, 4526.81, 4333.95, 4035.83, 3692.82, 4109.83, 3308.38, 1115.65, 4425.58, 1773.02, 4442.27, 3896.15, 3575.14, 4694.88, 4551.33, 4147.03, 3401.18, 3247.49, 2521.41, 2196.58, 597.39, 455.82, 510.6, 782.99, 569.48, 938.04, 781.53, 3934.8, 5336.77, 1238.8, 2975.04, 3280.83, 1372.44, 6039.98, 3319.36, 1957.93, 1592.33, 1367.87, 498.03, 964.18, 1175.74, 315.26, 1639.72, 2056.78, 2253.31, 2166.51, 2238.2, 1995.2, 2155.64], [595.84, 392.4, 1090.38, 810.87, 1094.35, 634.21, 1329.62, 1085.83, 1799.33, 3729.86, 3959.94, 4096.82, 4498.97, 4024.21, 1942.37, 1272.04, 49.56, 5468.97, 1501.76, 1568.14, 1835.74, 1571.55, 1727.69, 1737.6, 2120.58, 2323.8, 2614.74, 0.0, 1456.11, 5446.57, 4417.88, 5559.94, 4329.99, 1529.2, 5141.41, 5439.38, 5730.96, 5935.0, 5599.22, 5222.1, 5345.52, 5619.63, 5270.7, 2890.71, 3111.69, 4490.56, 4725.09, 1716.29, 5970.37, 5304.85, 5551.24, 2615.21, 2893.3, 3043.7, 3098.08, 2992.44, 3076.52, 3285.05, 3906.57, 4267.98, 4564.59, 4862.62, 4272.26, 4774.95, 4852.62, 4371.2, 5356.8, 5632.36, 5462.58, 5874.75, 6082.15, 1660.47, 3107.16, 2663.24, 2128.49, 2241.26, 3352.16, 3618.13, 4573.41, 4932.26, 5027.03, 1280.02, 947.17, 1446.5, 777.49, 2794.05, 2964.8, 5270.89, 5362.1, 5480.43, 5444.55, 5201.17, 5681.04, 4999.95, 4300.88, 2611.85, 6303.24, 1137.55, 4867.71, 4570.06, 4796.01, 5936.51, 5213.24, 4831.92, 4304.37, 5091.07, 4495.04, 4073.87, 3033.06, 2883.2, 3111.61, 3375.1, 2922.47, 2000.63, 2948.95, 5861.73, 5331.09, 1492.05, 1184.34, 1083.68, 1594.96, 6022.34, 3701.51, 1709.76, 1987.12, 1998.51, 2144.31, 1769.2, 1915.82, 2469.0, 1828.88, 1443.22, 1674.96, 1563.41, 1779.09, 1444.12, 1665.12], [1982.88, 1841.25, 1623.68, 1310.73, 1430.47, 1081.94, 1482.53, 922.21, 1640.23, 3766.25, 3930.6, 4137.8, 4392.58, 3341.55, 630.77, 649.64, 1406.57, 5740.02, 847.83, 648.03, 866.13, 549.47, 379.71, 289.02, 892.67, 1137.44, 1339.44, 1456.11, 0.0, 4621.25, 4264.4, 5795.75, 3983.67, 1171.68, 5197.97, 5824.17, 6035.07, 6252.46, 5794.98, 5421.97, 5451.59, 5593.41, 5212.06, 1992.29, 2043.07, 4063.04, 4267.7, 807.25, 5831.78, 5182.31, 5455.64, 1191.11, 1459.29, 1607.95, 2519.58, 2271.67, 2384.7, 2552.28, 3295.7, 3688.17, 3938.1, 4196.33, 3500.09, 4050.99, 4035.73, 3514.34, 4921.57, 5198.48, 4925.63, 5389.77, 5490.6, 298.82, 1883.96, 1611.95, 1560.85, 1229.08, 2843.3, 2848.21, 4639.76, 5129.09, 4591.08, 1584.05, 927.04, 851.88, 707.71, 1337.98, 1603.19, 4458.62, 5657.49, 5293.22, 5167.89, 4885.7, 4892.66, 4831.58, 4043.04, 1167.3, 5594.11, 434.72, 4951.16, 4503.23, 4434.05, 5598.77, 5179.51, 4770.77, 4096.47, 4379.34, 3687.8, 3305.84, 1628.94, 1491.43, 1777.27, 2119.79, 1809.42, 1229.2, 1932.54, 5114.93, 5665.74, 123.62, 1636.67, 1949.52, 1194.73, 6382.49, 3744.19, 1789.91, 1714.92, 1561.17, 1002.11, 943.68, 1338.71, 1327.18, 1631.83, 1692.32, 1986.67, 1854.76, 2038.0, 1641.99, 1909.21], [6021.66, 5766.89, 6159.95, 4665.72, 4415.83, 4816.21, 4178.27, 4379.85, 3692.05, 2977.82, 2782.98, 2969.53, 2542.79, 1451.19, 4017.64, 5270.59, 5413.31, 4125.74, 5448.66, 4071.94, 3795.96, 4132.89, 4252.59, 4434.16, 3745.5, 3504.27, 3406.43, 5446.57, 4621.25, 0.0, 2400.46, 4042.83, 1868.97, 5784.72, 3216.89, 4526.86, 4386.22, 4553.03, 3915.91, 3754.2, 3472.12, 3112.97, 2855.36, 2639.18, 2607.98, 1599.27, 1444.89, 5325.53, 2868.69, 2638.92, 2829.17, 3866.3, 3814.27, 3777.25, 2371.37, 2456.82, 2370.05, 2162.45, 1617.45, 1370.1, 1073.67, 791.12, 1174.7, 735.87, 595.51, 1107.34, 1516.24, 1604.56, 1156.52, 1518.7, 1247.39, 4748.92, 2908.81, 3012.7, 3319.67, 3397.29, 2186.32, 1830.97, 3094.61, 3629.04, 1477.9, 6174.8, 5486.04, 4064.52, 4858.08, 4164.47, 3412.68, 178.61, 4161.32, 2466.4, 2126.18, 1920.96, 299.06, 2397.15, 2115.34, 4432.32, 1053.8, 5015.8, 3221.55, 2670.68, 1734.05, 2105.61, 2924.06, 2727.25, 2253.51, 539.14, 953.4, 1372.72, 3568.91, 3579.42, 3228.21, 2803.37, 2850.54, 3505.86, 2693.09, 567.58, 4288.31, 4500.79, 6198.05, 6392.41, 3854.83, 4767.05, 2996.92, 3876.1, 3492.79, 3449.85, 3620.83, 3786.12, 3540.54, 3310.28, 3654.22, 4150.51, 4073.81, 4112.19, 3974.61, 4120.12, 4020.32], [4880.08, 4615.12, 5406.38, 3625.53, 3337.48, 3891.15, 3118.85, 3585.44, 2720.48, 800.39, 535.41, 608.97, 177.75, 1657.98, 3859.35, 4822.89, 4403.81, 1924.12, 5080.09, 3616.53, 3435.39, 3717.67, 4001.41, 4220.28, 3638.84, 3478.42, 3601.53, 4417.88, 4264.4, 2400.46, 0.0, 1894.32, 600.68, 5359.86, 1081.88, 2250.21, 2226.05, 2430.73, 1816.95, 1531.43, 1374.24, 1350.28, 962.63, 2639.21, 2948.56, 829.82, 955.83, 5071.62, 1577.03, 918.7, 1191.38, 4134.67, 4248.54, 4299.33, 1884.97, 2224.9, 2114.02, 2076.28, 1490.29, 1309.83, 1451.41, 1639.24, 1899.89, 1801.46, 2129.91, 2174.81, 1233.69, 1444.86, 1549.3, 1741.39, 2136.18, 4511.43, 3384.1, 3064.05, 2707.65, 3211.99, 1564.91, 2017.53, 727.03, 1323.41, 1021.32, 5513.94, 4866.12, 3444.21, 4131.32, 4536.29, 3871.26, 2271.55, 1916.84, 1063.58, 1058.9, 884.93, 2409.36, 583.75, 352.6, 4694.1, 2600.42, 4516.21, 946.43, 330.77, 707.57, 1577.95, 949.79, 549.12, 215.03, 1865.05, 2024.23, 1901.22, 4082.79, 3998.18, 3769.66, 3484.19, 3112.85, 3059.24, 2872.06, 2393.33, 2015.33, 4147.17, 5477.85, 5496.23, 3112.76, 2626.56, 829.97, 2723.95, 2586.4, 2707.78, 3478.6, 3327.63, 2925.7, 3331.53, 2709.75, 2977.62, 2749.45, 2855.06, 2642.73, 2983.51, 2752.94], [5888.6, 5644.38, 6635.73, 4863.82, 4596.3, 5166.29, 4428.18, 4977.88, 4158.08, 2054.41, 1954.5, 1706.84, 1716.65, 3550.82, 5503.46, 6266.3, 5560.8, 157.1, 6542.48, 5169.5, 5046.89, 5276.62, 5599.0, 5813.89, 5319.43, 5197.58, 5369.58, 5559.94, 5795.75, 4042.83, 1894.32, 0.0, 2478.33, 6775.71, 843.9, 593.79, 344.7, 536.97, 159.34, 384.22, 571.03, 1020.42, 1189.67, 4443.34, 4789.01, 2658.24, 2691.58, 6586.78, 1506.07, 1413.44, 1285.81, 5887.96, 6035.49, 6102.71, 3681.02, 4027.54, 3926.55, 3924.56, 3384.25, 3185.18, 3272.26, 3384.35, 3777.0, 3586.57, 3919.38, 4045.88, 2553.92, 2570.06, 2939.21, 2810.47, 3285.01, 6072.94, 5220.83, 4839.58, 4318.75, 4908.5, 3389.88, 3901.67, 1236.53, 668.95, 2570.79, 6791.02, 6216.91, 4944.08, 5494.2, 6295.33, 5680.95, 3955.81, 287.86, 1633.47, 1968.0, 2125.39, 3954.12, 1656.32, 2245.15, 6416.26, 3837.42, 5959.64, 954.23, 1563.87, 2361.43, 2257.26, 1118.84, 1386.05, 2108.54, 3554.37, 3876.5, 3792.07, 5893.6, 5793.63, 5599.07, 5345.16, 4929.01, 4683.48, 4690.56, 3838.13, 426.87, 5690.26, 6722.21, 6626.32, 4601.03, 739.65, 2072.27, 4052.36, 4085.75, 4263.15, 5162.31, 4913.11, 4501.14, 5076.29, 4164.34, 4238.98, 3951.14, 4082.71, 3864.33, 4268.2, 3995.98], [4836.92, 4570.57, 5255.14, 3520.78, 3235.65, 3757.88, 3002.24, 3402.8, 2555.12, 1123.04, 914.47, 1107.1, 774.45, 1078.36, 3518.54, 4578.61, 4309.6, 2516.56, 4821.03, 3340.19, 3127.43, 3434.61, 3687.11, 3903.6, 3278.34, 3093.64, 3176.11, 4329.99, 3983.67, 1868.97, 600.68, 2478.33, 0.0, 5120.04, 1646.96, 2850.52, 2814.77, 3015.27, 2390.75, 2123.78, 1938.78, 1814.92, 1439.32, 2202.89, 2466.88, 272.35, 485.7, 4784.41, 1902.78, 1318.25, 1596.57, 3712.44, 3798.86, 3835.74, 1491.03, 1804.96, 1687.86, 1606.16, 933.41, 710.49, 862.61, 1083.94, 1302.03, 1221.7, 1543.83, 1575.44, 1036.08, 1306.53, 1227.69, 1566.49, 1862.45, 4208.02, 2900.04, 2643.41, 2429.32, 2851.17, 1157.84, 1487.73, 1326.7, 1923.57, 719.47, 5338.72, 4668.19, 3205.87, 3945.87, 4104.8, 3406.86, 1725.18, 2514.23, 1350.81, 1185.32, 902.95, 1921.94, 951.62, 258.98, 4286.99, 2244.44, 4278.46, 1540.58, 925.79, 466.81, 1628.2, 1455.85, 1098.6, 406.83, 1330.14, 1423.77, 1315.46, 3615.07, 3544.44, 3288.37, 2972.41, 2653.58, 2755.79, 2415.25, 1953.85, 2615.15, 3862.33, 5318.41, 5387.37, 2895.18, 3215.02, 1145.06, 2621.43, 2391.28, 2468.14, 3119.82, 3040.29, 2661.31, 2930.29, 2534.74, 2894.28, 2711.96, 2796.94, 2603.24, 2887.65, 2694.06], [1743.35, 1765.85, 829.41, 1955.17, 2196.24, 1646.14, 2348.23, 1802.87, 2655.19, 4796.96, 4985.66, 5172.77, 5476.59, 4512.48, 1768.7, 541.53, 1496.09, 6704.9, 340.78, 1788.39, 2032.52, 1702.6, 1532.44, 1355.09, 2040.38, 2283.59, 2432.89, 1529.2, 1171.68, 5784.72, 5359.86, 6775.71, 5120.04, 0.0, 6239.62, 6738.92, 6988.02, 7201.08, 6790.93, 6413.22